0
0
1
0
1
2
0
1
0
5
0
1
4
0
5
0
2
1
1
0
0
3
10
1
0
5
2
7
0
2
0
1
5
0
5
1
0
6
3
0
16
0
2
0
1
6
8
1
0
5
7
0
2
1
0
9
0
1
0
0
17
0
21
5
2
3
1
0
2
26
1
0
5
2
4
1
0
5
3
2
0
1
0
1
0
11
18
13
0
0
1
3
17
0
0
15
6
1
0
16
0
1
0
3
2
19
14
0
0
2
1
0
4
5
0
1
0
60
2
3
0
1
0
38
0
0
7
1
0
10
1
0
20
0
5
1
0
0
11
2
1
1
0
0
51
0
3
0
12
1
0
0
36
9
0
7
0
7
1
0
3
0
0
4
3
2
36
3
0
5
0
0
3
1
0
2
1
44
36
3
5
0
5
1
0
55
0
1
2
0
40
12
0
3
2
1
0
9
3
2
1
1
0
25
2
1
0
13
1
0
0
6
1
0
37
10
1
0
51
0
21
0
0
17
0
5
0
7
0
1
5
0
0
2
1
0
140
1
0
36
0
3
0
0
10
4
1
0
21
4
1
5
0
0
1
0
34
0
1
0
12
0
1
0
5
1
0
0
17
0
104
30
0
1
3
0
8
7
0
26
0
9
0
1
3
0
3
0
0
22
0
57
0
1
2
0
1
0
4
48
77
8
1
0
1
4
1
1
0
0
16
25
0
1
0
59
3
1
0
6
10
1
0
5
0
1
0
1
29
0
17
0
1
0
3
3
0
0
108
1
0
14
81
15
1
0
1
0
18
2
9
5
2
0
1
0
1
0
7
4
5
0
0
1
0
95
3
1
2
73
0
3
1
19
1
3
2
0
9
73
1
2
0
2
1
0
1
0
53
2
0
6
0
0
7
2
3
0
1
2
1
0
2
0
114
1
0
29
5
0
4
1
0
7
0
1
4
1
0
3
0
0
126
2
2
1
1
0
18
0
8
10
2
0
1
0
1
0
15
88
0
1
0
31
1
0
0
11
274
0
22
1
0
27
0
1
2
1
0
0
29
1
0
17
1
9
1
0
2
1
0
0
3
0
0
38
2
9
0
0
1
0
5
1
0
0
149
0
23
0
4
3
2
12
1
0
0
14
1
0
22
2
1
1
0
17
0
5
1
0
0
2
219
10
1
3
0
23
8
0
3
15
0
5
0
1
7
17
0
0
5
0
7
1
14
0
3
2
1
0
1
0
255
0
1
0
49
0
1
3
1
0
11
0
34
1
0
9
0
2
0
1
22
5
83
0
5
0
12
0
1
0
0
14
0
0
9
0
0
136
2
13
5
0
2
1
0
5
0
3
44
0
206
8
11
0
0
19
0
1
0
6
0
3
1
2
1
0
14
2
1
77
6
1
0
5
0
1
0
2
1
0
211
2
64
0
1
7
5
0
2
0
1
20
0
49
1
2
1
0
0
42
3
3
0
49
0
9
0
5
0
1
7
0
180
1
0
15
0
15
1
35
5
0
3
1
2
1
0
30
9
0
5
1
0
2
0
18
198
0
12
3
1
0
2
0
1
3
0
9
58
1
0
64
0
2
1
0
1
10
15
1
0
134
0
26
3
0
1
0
0
5
0
1
0
35
0
16
14
0
1
24
1
0
11
2
0
1
0
1
8
0
1
1
0
0
219
15
0
3
0
0
16
1
3
2
0
1
0
141
1
0
11
1
0
2
0
7
0
3
0
1
0
206
0
1
0
3
0
21
0
29
7
0
0
2
20
1
0
83
1
0
14
10
0
0
102
0
1
0
2
0
1
0
129
0
2
1
6
3
0
2
1
0
0
1
108
9
0
3
3
2
2
0
1
19
0
23
0
3
2
3
0
2
1
1
0
0
285
3
3
0
1
2
0
1
0
182
1
47
1
0
0
16
0
0
3
25
1
6
0
3
0
0
3
0
6
1
2
0
129
11
0
1
69
0
192
7
0
0
2
1
0
9
7
0
1
0
11
4
0
1
0
107
0
3
1
0
0
44
387
3
1
2
3
2
1
0
1
0
33
5
1
0
13
0
5
0
5
1
0
2
1
139
0
27
2
0
1
5
0
0
21
3
0
1
0
0
15
3
0
0
2
1
7
0
2
0
1
0
5
1
0
0
234
3
0
5
2
0
1
36
2
0
10
246
0
47
4
1
3
2
2
0
1
1
0
0
42
29
10
7
0
3
0
0
64
3
1
2
1
0
4
0
185
1
0
1
220
1
0
16
2
1
0
0
2
17
0
5
1
0
0
299
0
90
0
12
0
0
13
0
10
0
6
0
1
0
13
0
13
0
1
0
9
122
2
1
0
31
1
0
11
0
1
15
12
0
1
1
0
6
5
0
0
4
1
5
6
1
0
5
1
0
235
0
44
51
8
0
0
4
0
0
2
1
358
0
3
1
2
2
1
0
0
1
0
39
8
0
56
14
3
0
1
0
0
162
0
1
7
0
0
54
4
0
2
0
6
0
29
37
25
1
4
3
2
0
9
2
6
0
16
9
0
9
1
0
0
2
1
0
9
0
3
0
19
0
7
0
8
1
0
7
0
5
0
1
0
170
0
1
0
12
3
2
0
3
2
1
213
54
0
1
0
3
0
2
1
0
9
4
1
1
0
0
2
1
0
68
1
2
1
0
3
2
1
0
0
3
0
663
3
1
0
0
21
1
16
4
1
0
0
1
20
1
0
307
0
0
35
14
178
0
1
2
1
0
3
0
25
0
1
0
2
1
4
1
9
2
0
1
0
456
0
3
2
1
0
48
0
1
0
140
1
0
19
0
2
3
1
0
2
2
1
0
1
36
12
0
10
7
1
0
5
1
0
5
1
0
3
2
1
34
0
2
1
16
0
2
1
0
427
1
0
13
1
0
0
46
2
0
1
14
1
0
3
0
25
0
14
3
0
3
0
103
0
1
0
266
1
12
0
2
6
1
0
5
20
7
0
22
1
0
0
74
0
7
2
0
1
0
3
1
0
21
0
2
1
0
18
2
1
0
226
4
3
0
4
0
1
1
0
33
29
1
0
0
2
235
2
0
1
0
24
0
1
0
0
13
0
85
0
1
0
63
0
2
37
0
4
55
10
11
1
0
3
1
29
2
0
7
3
0
0
10
1
0
1
0
7
0
390
0
1
0
9
0
1
0
3
0
3
0
0
57
0
291
0
3
3
0
152
0
20
2
1
0
0
7
5
0
3
0
0
7
2
0
1
1
0
0
351
0
0
5
1
0
0
3
0
41
0
0
449
1
19
0
0
2
27
1
0
0
2
1
136
0
11
3
0
0
1
0
3
0
0
15
0
0
13
6
1
9
1
0
1
0
23
2
1
0
0
218
0
4
3
3
0
11
0
2
1
123
1
7
0
3
0
0
71
9
0
0
7
3
0
4
0
1
0
1
0
69
3
14
3
3
0
10
5
0
1
0
25
1
4
6
0
346
3
0
1
2
466
3
0
0
1
4
0
5
1
0
2
0
9
2
1
0
7
2
0
130
0
3
20
1
0
19
0
1
0
2
1
0
1
37
0
5
0
1
36
14
0
0
13
0
6
0
1
0
9
0
7
0
1
1025
1
14
0
1
0
5
0
1
7
0
2
0
147
3
1
0
2
0
3
1
255
0
126
35
2
1
0
14
0
2
9
1
0
4
1
0
6
1
0
1
0
3
0
8
0
7
3
2
170
4
0
1
0
3
0
3
0
2
1
36
3
0
0
1
0
9
81
1
10
0
1
1
0
3
2
0
1
0
63
19
1
0
0
5
0
0
44
3
0
0
3
1
0
526
3
5
0
5
0
13
0
0
9
11
0
7
2
1
0
0
2
25
1
11
1
5
4
0
5
1
3
0
2
5
2
558
19
0
5
0
17
0
11
1
0
3
0
0
61
3
1
2
1
0
13
0
1
0
2
1
4
0
259
7
0
5
0
1
104
2
1
0
0
4
6
0
1
3
0
17
0
0
2
1
0
1
37
2
0
1
4
0
11
0
1
0
3
4
3
0
547
1
0
94
39
3
0
55
8
1
0
2
0
1
0
25
1
0
3
557
0
0
19
2
0
4
0
2
1
0
0
2
94
1
0
2
1
0
6
5
11
6
3
0
1
0
4
4
1
0
19
7
1
0
12
1
0
5
1
2
2
1
0
1
0
880
3
0
8
0
1
57
0
6
3
0
1
2
1
0
0
62
0
1
2
51
0
0
7
23
7
0
4
0
0
7
2
0
3
0
1
0
37
3
1
2
13
0
1
0
0
11
4
0
0
2
2
1
0
1
0
11
1
1193
19
0
2
1
0
54
8
1
19
0
2
1
12
0
1
0
82
0
3
0
9
0
5
0
24
1
2
11
0
1
0
13
4
3
1
0
2
1
0
0
145
0
0
1
19
18
1
0
2
1
216
4
0
2
0
1
0
33
20
0
1
3
0
3
0
0
103
2
10
22
2
0
9
4
3
0
3
0
1
0
0
15
2
1
0
1
0
264
0
28
1
16
1
0
3
0
0
24
17
1
0
1
0
2
0
5
0
23
2
838
0
37
0
2
1
0
11
0
11
0
1
8
0
1
6
1
0
2
1
0
51
0
18
0
3
0
0
54
0
3
1
0
9
0
5
5
1
0
2
0
7
2
0
1
1
0
0
855
3
1
0
6
0
1
23
5
0
6
0
1
6
0
2
2
0
1
0
130
1
0
0
116
8
0
1
0
1
0
35
14
0
2
5
0
1
4
1175
1
0
0
64
0
6
0
11
185
0
9
1
0
26
7
2
0
6
1
0
16
0
0
3
3
0
0
138
0
3
4
0
1
1
0
0
199
1
3
20
1
72
1
0
15
1
0
3
0
3
0
0
411
0
0
7
1
8
1
0
1
0
8
0
1
9
0
15
1
0
0
304
1
0
82
0
0
15
0
2
0
55
0
0
1
6
5
0
2
1
0
5
0
0
65
0
1
10
0
107
0
1
2
15
4
2
1
6
127
1
6
8
0
6
0
1
0
43
0
0
33
3
0
0
1
26
0
16
2
0
19
1
2
1
0
0
4
8
0
1
0
237
0
11
3
3
0
1
0
0
1063
0
0
320
77
11
0
0
7
2
1
0
0
11
1
0
5
1
0
0
53
3
0
3
1
0
13
1
0
3
0
0
9
0
11
8
1
0
2
0
1
0
1
676
1
5
0
1
0
0
32
0
1
0
0
7
2
0
1
89
0
1
3
0
1
0
480
0
33
0
1
0
3
2
5
7
0
1
0
3
2
2
1
0
1
193
1
0
132
5
0
0
15
3
0
18
0
24
0
7
0
2
9
3
0
0
2
4
4
0
2
18
0
8
233
3
5
2
1
0
0
1
20
1
3
1
0
0
7
0
2
2
1
74
1
0
0
2
1
4
5
0
7
974
0
1
0
102
0
1
0
28
0
5
0
0
41
1
0
0
11
0
3
270
5
15
0
0
2
1
0
5
0
1
21
3
0
0
8
1
1
0
0
37
4
1
1
0
0
155
0
95
2
139
16
1
0
7
4
1
13
1
0
1
0
34
0
12
1
0
33
0
4
1
0
0
6
2
1
0
0
2
791
4
0
1
37
1
1
0
0
2
1
0
230
0
3
0
21
5
1
0
0
18
923
18
3
1
2
0
38
0
1
14
1
0
0
5
1
11
0
3
3
0
0
26
2
0
1
0
11
7
0
5
0
0
3
0
1
0
0
251
0
2
0
42
0
1
14
0
17
1
0
0
1
0
66
0
7
0
2
1
0
0
45
0
12
0
0
2
111
0
1
14
2
0
1
1
0
0
69
1
0
35
7
4
1
0
0
11
1
0
3
0
43
0
828
0
179
1
0
7
0
3
0
1
0
0
3
26
1
0
23
0
1
7
38
0
8
1
0
1
0
7
0
2
380
2
6
60
2
0
19
2
1
0
8
0
5
0
1
0
47
3
3
0
0
3
1
6
0
9
2
0
1
7
1
2
5
0
2
1
0
263
1
0
4
3
1
29
0
7
9
0
1
0
0
78
1
1
0
0
103
0
0
1584
2
1
0
1
4
1
0
163
16
11
0
1
6
0
0
1
0
43
0
4
3
1
0
21
0
2
0
1
75
21
0
5
1
0
2
1
0
243
1
0
74
0
0
17
3
0
6
3
0
0
24
0
3
0
13
0
26
7
0
7
1
0
0
50
1
1
0
0
55
1
0
10
0
0
3
3
0
0
134
0
2
1
6
1
83
3
4
1
0
1
0
359
0
66
0
26
8
2
0
1
5
0
4
0
1
0
20
0
610
0
1
37
1
0
5
1
0
3
2
1
191
53
0
6
0
5
0
1
1
0
0
31
1
19
2
1
1
0
0
3
0
669
0
1
0
0
153
2
4
0
1
55
2
3
0
0
1
0
70
0
1
0
0
7
0
2
1
554
6
0
9
0
528
0
2
1
0
29
0
47
0
1
3
2
1
0
0
6
31
0
7
0
2
3
1
2
0
68
1
0
186
48
0
5
0
4
2
1
1
0
4
1
0
1
470
1
0
1
332
3
0
10
25
1
0
23
0
8
1
0
1
12
1
7
4
1
0
17
0
84
5
19
2
1
0
0
241
1
0
123
0
0
3
0
0
1
0
17
7
0
41
0
4
1
0
13
8
0
1
0
1
0
51
12
1
0
4
0
0
3
0
0
9
0
3
2
1
0
70
3
0
0
1337
0
3
122
15
3
0
0
21
7
1
0
1
0
3
9
0
2
1
0
4
5
820
0
1
3
0
54
0
0
49
0
3
2
1
0
70
6
0
1
5
0
0
268
8
0
0
2
1
0
7
0
7
2
1
0
0
2
1
0
123
0
2
10
0
3
5
0
1
0
150
261
1
27
0
7
0
0
5
1
0
10
1
0
64
3
0
1
0
0
8
1
0
24
1
0
9
1
0
133
17
9
0
12
0
15
11
0
6
7
3
2
0
1
0
1
31
0
0
5
1
0
0
8
1
1
0
6
1
0
2
1
0
1445
2
1
0
21
2
9
0
4
0
240
5
1
0
0
1
8
1
4
1
0
1
0
317
0
3
1
0
0
3
0
2
17
0
0
9
0
2
21
12
0
3
0
4
1
0
0
80
0
3
0
0
279
61
1
0
0
4
2
1
0
48
1
35
1
4
22
0
0
2
1
4
0
3
1
35
0
2
1
0
7
14
7
0
0
56
0
0
1
22
5
1
0
0
14
0
859
3
2
1
0
4
0
1
0
5
0
1
0
422
15
4
1
1
0
0
17
0
1
0
1
0
31
2
0
1
3
2
0
1
0
31
0
32
3
1
0
2
0
42
2
1
0
0
19
0
1
0
2
1
0
7
0
5
0
3
0
1
0
0
1043
2
7
5
58
2
1
2
0
1
24
0
5
0
1
0
6
0
37
1
0
1
6
1
0
539
22
1
0
1
0
6
10
0
40
1
0
16
1
0
3
0
17
0
1
0
4
22
1
0
9
0
2
1
227
0
1
7
1
1
0
23
0
1
5
0
1
0
14
11
4
3
0
1
2
1
0
0
1059
15
375
74
0
9
27
1
0
2
1
0
0
11
1
2
1
0
287
0
16
3
5
1
2
0
1
0
11
6
0
0
3
0
2
0
1
246
0
2
0
3
2
1
0
181
1
0
11
7
0
4
0
1
0
3
1
2
64
19
0
2
1
1
0
0
3
13
0
9
6
0
0
1
3
54
1
0
0
4
0
2
0
1
0
9
0
74
4
5
34
1
0
4
87
3
0
11
0
5
0
0
3
84
1
0
2
1
0
6
7
1
0
6
1
3107
1
0
72
0
3
2
3
0
172
2
1
39
0
1
0
5
5
0
1
0
78
0
0
2
1
0
7
2
215
0
4
5
3
0
1
0
2
1
7
0
2
0
577
10
1
0
1
0
43
3
0
3
2
0
53
0
1
6
0
0
1
0
537
3
2
1
29
5
2
1
0
16
5
0
1
0
0
11
0
20
4
1
0
8
2
0
429
3
5
6
0
1
0
0
5
79
26
0
3
0
7
0
18
0
3
2
1
1
0
0
72
0
4
0
2
3
8
1
0
7
0
0
5
0
1
381
0
6
81
1
22
3
0
0
27
5
0
9
0
12
5
0
0
1
0
11
1
0
20
1
6
0
6
0
340
1
18
0
0
20
0
2
89
0
27
37
2
0
1
0
21
63
19
0
2
0
4
1
0
5
0
2
1
0
1
29
0
1757
1
66
2
1
0
28
0
0
1
0
7
0
630
5
1
0
0
9
3
0
11
4
0
3
2
3
0
0
125
5
0
0
5
1
0
4
0
2
395
6
0
0
3
4
0
1
6
1
0
25
0
5
0
203
1
2
0
1
0
29
0
1
9
0
1
0
0
23
1
14
3
0
2
0
1
23
0
7
0
1
0
418
140
1
0
2
1
0
37
8
0
3
0
75
0
17
4
0
2
0
3
0
0
23
1
21
9
21
1
12
3
1
0
7
0
1
151
1
0
1
84
0
4
1
2
1
0
0
1
55
2
0
1
0
5
9
0
1
30
1
0
17
0
1
0
23
0
0
11
231
27
7
2
1
9
0
8
1
0
1
0
0
63
1
0
0
3
3
0
8
1
3
2
0
1
2367
0
0
9
0
128
6
2
49
5
0
1
0
0
21
1
0
0
7
2
0
1
0
224
3
0
191
1
6
2
1
1
0
3
2
1
0
0
221
1
0
6
3
2
1
1
0
0
8
60
1
4
1
0
1
53
1
45
4
0
4
0
0
2
17
0
53
0
8
2
2
1
0
4
1
0
0
1175
0
0
61
0
3
2
1
0
1
0
2
6
0
19
4
5
2
0
1
1
0
12
17
1
0
8
1
0
7
1134
0
0
23
0
11
2
1
3
0
3
0
767
0
6
27
56
0
0
114
0
7
6
43
0
4
0
2
0
1
0
3
0
37
2
13
0
0
35
1
0
2
139
0
11
29
3
0
2
3
0
1
0
0
24
1
0
1
5
0
4
8
0
0
1
2
0
1
0
236
2
1
0
9
0
35
3
2
1
197
0
39
39
1
0
10
6
1
0
3
0
0
14
1
0
3
2
1
1226
0
0
1
0
23
0
1
0
6
3
1
0
0
2
1
102
0
9
0
0
222
4
0
59
3
0
5
0
5
0
23
0
2
1
1
0
3
2
0
1
3
63
0
1
0
54
5
4
0
1
0
5
1
0
8
1119
1
6
11
0
69
1
0
7
0
2
9
1
0
133
0
8
0
1
0
5
1
0
0
51
595
1
21
0
3
26
1
0
0
2
27
1
0
0
3
0
0
8
0
3
0
4
0
88
3
1
2
0
1
76
7
0
1
0
443
0
1252
43
3
0
5
0
1
0
2
15
0
143
0
3
0
3
2
50
0
2
1
6
2
1
0
1
4
3
0
3
0
0
293
0
5
1
0
4
0
246
0
0
3
25
0
2
1
1
0
8
2
1
1
0
0
196
2
1
0
1
0
17
1
0
2
0
19
2
879
158
0
67
1
352
1
8
0
0
15
0
144
2
1
0
9
0
0
1
0
19
0
1
3
0
6
23
3
0
0
1
11
1
0
2
1
0
39
0
5
1
0
0
122
10
4
0
5
0
3
3
0
0
2
1
0
1
80
633
1
0
0
121
0
0
1
3
0
99
1
26
4
3
0
0
1
3
0
39
2
1
0
4
1
82
2
1
0
12
0
2
1
0
0
2
55
0
2
0
1
0
4
5
0
1
0
29
3
2
0
3
0
1
0
0
13
0
1
0
1
69
1
0
1630
3
3
0
0
22
0
2
1
2
1
0
0
253
3
11
5
1
0
0
2
1
0
16
4
0
0
9
1
0
121
5
5
0
2
1
2
51
1
0
0
3
29
0
3
1
0
5
1
0
744
0
2
1
38
35
2
0
13
21
0
1
0
22
2
0
1
0
9
0
5
12
1
0
5
0
76
13
3
0
0
5
0
8
1
0
5
0
17
0
15
3
0
0
37
13
9
2
1
0
3
0
2260
0
9
0
0
393
0
5
0
3
3
0
0
1
11
0
1
0
9
0
7
1
0
0
84
0
1
0
36
1
19
27
0
0
2
1
19
0
5
0
2
1
1
0
0
3
2
1
0
277
4
3
1
2
0
1
0
3
702
13
0
2
1
0
21
2
1
0
35
2
1
2
0
1
0
1
0
849
0
89
9
1
0
1
2
0
27
0
1
4
0
5
0
1
0
81
1
0
3
0
0
2
1
22
0
5
0
17
1
0
0
15
1
0
101
35
0
6
16
0
5
0
4
2
0
1
0
1
16
1
6
1120
5
152
5
15
4
2
0
1
0
1
0
3
38
1
2
0
1
5
1
0
0
70
3
2
892
3
3
0
0
3
271
0
84
16
1
12
0
1
0
3
13
0
2
4
0
0
2
1
2
0
16
0
3
0
0
4
231
0
0
2
1
3
2
22
5
1
0
1
0
0
11
4
0
5
1
0
126
89
0
0
4
184
0
2
5
1
4
1
0
1
49
3
0
0
1
0
27
1
0
4
1
52
0
0
65
0
10
0
5
0
1
0
24
1
26
0
1
7
0
0
64
0
1
0
74
0
3
1
0
2
40
0
2
1
33
10
1
0
10
0
0
1
7
4
0
0
2
1
0
5
1
0
542
0
2
1
0
18
0
14
0
2
7
0
2
7
0
2
1
1
0
3
11
0
0
690
0
84
0
2
0
72
0
2
1
9
3
0
12
81
3
1
0
0
2
2
1
178
2
3
0
54
14
7
1
0
4
0
1
0
36
0
12
0
3
2
11
0
5
1
0
3
0
2
1
12
1
0
35
9
1
5
0
4
1
0
5
88
11
0
0
6
1
0
0
233
1
0
31
7
2
2
1
0
0
1
0
8
0
20
5
0
0
2
1
0
8
4061
2469
0
1
0
12
8
1
0
0
1
0
223
0
0
5
0
1
2
17
0
1
40
0
19
8
45
1
1
0
11
1
0
0
53
3
0
11
0
48
13
15
2
0
1
0
11
0
8
0
3
0
1
0
11
2
430
5
0
0
1
2
0
1
0
138
8
6
0
1
0
14
0
1
5
1
2
2
0
1
0
34
15
0
0
3
2
1
0
45
1
3
0
5
2
1
0
0
472
1
0
15
0
38
0
0
13
0
6
1
0
10
0
0
2
1
0
1027
5
0
3
0
0
105
0
1
0
30
1
2
12
2
1
1
0
0
5
1
0
4
0
3
138
4
1
0
0
1
6
1
0
2
104
1
0
0
31
1
0
2
7
0
2
1
0
62
0
5
0
0
1
2
0
205
1
0
8
1
0
2
3
1272
3
2
1
0
14
2
1
0
0
6
3
2
34
3
1
2
1
0
42
8
0
170
19
2
17
0
17
0
3
0
115
7
1
0
0
5
15
0
0
5
1
0
2
0
1
27
1
4
3
1
0
0
2
67
0
1
0
4
0
58
0
17
0
44
8
0
3
0
0
2
1423
2
0
1
0
72
7
11
0
0
1
5
0
1
0
0
18
0
4
0
15
0
1
0
1
0
21
0
0
12
0
0
2
4
1
0
5
7
2
0
4
0
0
2138
167
0
0
7
1
0
2
1
11
0
2
1
115
0
17
0
1
0
7
2
0
9
2
1
0
7
0
161
1
0
95
0
0
9
0
1
4
3
33
1
0
2
1
0
0
85
2
0
3
1
0
2
1
0
41
1
4
2
0
4
0
2
0
1
0
1459
0
3
2
1
0
8
3
5
0
4
0
2
0
1
2
0
89
1
2
7
0
2
1
0
9
0
0
1
9
0
2
0
789
13
0
26
5
0
1
0
7
2
381
9
0
1
0
5
0
1
0
53
0
0
3
1
4
0
2
4
0
2
0
1
109
3
2
1
0
0
23
46
24
0
3
2
1
0
75
0
12
1
0
2
74
0
0
17
0
3
0
0
1
0
60
0
2
0
9
2
1299
7
1
0
1
0
0
3
0
205
1
0
1
0
5
0
1
0
9
0
249
0
1
0
15
8
1
0
11
0
0
1
15
126
2
1
0
6
2
1
0
0
26
57
1
0
2
5
0
7
1
0
0
6
0
1
0
5
0
1
0
189
0
2
3
29
1
9
1
7
0
5
1
0
0
5
0
3082
3
31
2
1
0
0
1
75
1
0
14
47
0
4
1
0
5
0
16
0
1
0
19
1
5
0
29
0
1
0
5
0
1
0
89
2
3
1
0
24
0
0
13
0
5
0
1
1183
1
1
0
197
0
2
1
192
0
5
0
21
0
1
2
1
0
0
2
1
263
0
37
0
1
0
35
0
1
0
8
2
0
1
20
1
12
0
10
0
0
12
3
31
0
7
0
3
2
1155
0
1
0
2
1
0
213
24
11
1
1
0
0
3
0
0
15
1
14
0
4
0
0
5
0
2
1
0
5
0
37
1
7
0
2
1
0
121
0
1
0
0
35
0
0
17
1
12
5
0
5
0
2
1
4
0
1
0
5
0
36
11
1
1
0
3
2480
1
2
1
0
3
2
98
4
3
1
0
38
0
5
27
1
0
7
0
2
1
0
3
0
69
1
0
5
1
0
5
1
0
0
34
2
438
42
1
0
29
0
2
109
14
2
1
0
2
0
25
3
0
1
0
10
0
19
1
0
3
0
11
3
2
244
3
8
57
6
1
0
0
29
0
1
0
6
0
1
5
0
0
1
11
0
0
141
10
0
25
0
2
0
1
0
12
1878
0
15
0
0
51
0
4
29
14
5
0
2
1
0
3
0
0
8
0
8
1
2
0
1
0
1
0
660
1
0
11
0
23
1
0
8
0
1
0
12
0
0
7
1
0
0
499
3
5
1
0
1
3
30
0
1
0
5
1
0
19
1
0
27
3
0
0
9
3
0
0
7
6
0
2
3
0
0
155
0
30
4
0
1
6
8
1
0
1
0
8
1
0
5
0
1
1
0
0
17
119
0
1
0
2
1
0
3
2
29
110
1
0
0
2370
1
0
4
9
0
757
0
5
63
3
2
0
3
3
0
0
1
35
6
0
444
3
0
0
9
7
0
7
1
0
0
81
29
0
0
1
0
10
1
0
10
1
0
1
2
1
0
0
317
1
0
0
21
0
3
6
0
1
3
2
0
1
0
1
0
556
1
0
1
127
3
0
0
3
0
75
0
3
0
0
38
1
0
2
16
5
2
0
1
8
1
0
4
0
0
16
5
0
1650
0
9
0
7
1
0
8
0
1
1
0
0
231
1
0
0
105
1
18
1
0
7
2
1
0
32
1
28
1
0
5
0
1
2
1
0
0
20
5
2
1
0
1
0
30
0
0
1
18
0
2
1
0
186
0
0
6
0
3
0
0
2201
0
0
17
13
0
4
5
0
1
8
3
0
0
351
0
3
2
0
1
17
0
1
0
0
30
15
2
0
1
0
9
0
1388
0
4
1
14
1
0
0
1
12
2
1
0
70
0
6
1
1
0
0
119
9
2
1
0
4
3
0
2
3
1
0
1096
2
1
0
116
5
1
3
0
2
2
1
13
0
8
0
7
2
0
1
120
0
20
0
0
1
2
0
1
0
61
9
2
1
1
0
0
11
0
1
0
552
0
0
4
2
3
1
0
45
21
0
0
1
0
5
1
0
0
15
3
0
0
110
3
0
0
5
0
53
0
5
0
1
21
3
0
70
10
5
1
0
0
1
0
7
0
2
1
34
1
0
38
0
2
0
256
75
1
1
0
0
16
0
17
1
0
0
2
1
58
3
0
46
1
12
2
18
1
10
0
0
5
14
1
0
0
1
0
2
7
5
1968
0
0
1
883
1
0
64
0
1
0
1
0
27
6
5
1
0
0
13
3
0
0
285
1
0
18
7
0
7
2
0
2
1
0
1637
0
1
23
0
1
0
38
9
0
3
1
21
0
5
37
0
21
0
1
0
6
2
0
1
2
0
223
0
2
1
8
0
2
0
1
4
0
5
0
103
2
1
0
2
13
0
111
10
29
5
0
2
1
0
0
1
0
21
1
0
0
23
0
3
0
2
3
1
0
7
4
1
0
148
0
3
0
2
568
0
3
35
11
0
1
21
0
6
7
0
13
0
2
1
0
118
0
13
15
2
1
1
0
7
6
0
3
0
0
2
1
0
1
0
939
0
9
8
0
19
0
3
0
0
264
3
2
1
0
6
3
0
3
0
1
0
40
19
1
13
107
1
0
5
1
0
41
4
1
0
0
19
4
3
0
3697
0
5
0
1
24
0
1
41
0
1
14
5
0
1
2
0
1
0
15
0
18
1
0
0
4
42
1
1
0
851
0
1
2
12
0
5
183
3
3
0
16
3
11
0
4
0
5
1
0
2
0
7
5
0
3
0
0
7
0
55
0
0
39
3
273
0
2
0
9
0
1
203
7
0
25
1
0
65
3
2
1
0
1
0
13
0
19
0
1
141
12
0
2
1
0
0
9
0
1
0
0
35
1
0
35
316
1
0
9
2
1
0
0
274
0
9
0
1
0
5
1
0
46
0
3
0
0
47
0
1
2
0
1
38
3
2
0
8
0
66
0
1
2
0
4
0
0
3
0
0
4
5
42
0
9
0
34
3
1
2
2
1
0
0
11
1
0
12
1
3
0
9
0
2
457
0
3
1
0
2
63
1
0
2
1
3
6
0
5
0
1
0
96
1
0
10
1
3
1
0
2
0
1
0
3179
1
0
1
0
6
11
98
2
0
1
0
1
45
0
16
1
0
12
4
124
0
0
1
2038
0
3
2
2
1
1
0
57
1
0
0
11
0
3
2
2
0
1
19
3
153
72
1
0
1
0
25
2
1
0
688
2
0
7
0
1
6
3
124
0
0
33
2
1
2
1
0
0
158
0
2
6
23
0
7
4
3
0
2
2
1
0
1
0
952
0
12
0
0
28
0
5
0
2
0
1
13
0
11
0
1
0
0
236
7
0
2
3
2
1
28
136
2
1
0
12
0
5
0
1
0
84
0
2
1
0
27
1
0
0
193
58
3
0
1
0
11
0
142
12
0
23
1
0
16
5
9
1
0
2
8
1
0
2
1
0
0
118
2
9
43
1
0
0
4
5
0
24
5
1
3
0
2
1
0
1
0
20
22
0
1
0
79
1
43
3
0
11
1
0
2
1
0
0
14
7
5
0
10
0
0
5
0
1
0
2
10
1
0
9
3
2
0
3432
3
0
45
1
0
787
3
0
0
5
1
0
0
5
1
0
0
227
42
0
5
7
0
0
2
1
8
1
0
0
68
48
1
0
8
0
1
0
45
7
0
0
17
4
10
0
11
9
6
3
0
3
1
0
0
4
1
0
0
1
0
29
0
0
1
343
0
94
1
0
3
0
24
0
2
1
4
99
3
0
14
1
0
3
0
3
0
2488
8
5
2
0
1
0
18
0
9
4
0
1
0
26
0
0
374
0
1
0
1909
0
4
0
3
1
0
2
1
20
21
0
5
0
82
11
0
2
1
2
1
0
0
555
63
0
28
0
10
0
19
0
1
2
1
0
0
3
2
57
1
0
0
312
2
1
0
15
0
0
5
0
1
0
490
3
2
36
5
7
0
3
0
0
169
0
4
0
59
1
0
5
6
0
1
0
4
5
0
9
0
1
0
45
0
1
0
12
1
85
2
0
1
9
0
18
18
0
4
0
1
0
1
0
27
0
4
5
1
0
2
1
0
0
1032
2
1
3
2
1
0
0
41
0
7
0
2
1
0
15
4
1
0
49
0
43
2
1
8
0
0
464
3
13
2
1
0
17
1
2
10
1
0
1
8
3
0
0
3
0
932
348
8
3
0
3
0
2
1
0
1
0
30
1
0
0
39
6
5
1
0
6
0
1
0
14
0
1
0
0
144
9
3
2
1
0
4
5
1
0
0
400
0
7
0
34
120
1
0
2
37
23
1
0
0
5
0
1
73
0
3
1
0
3
0
0
3
0
0
39
4
1
1
0
0
42
4
2
0
3
3
0
0
1
0
613
1
0
11
0
1
9
0
6
1
0
1499
0
0
67
1
0
5
103
0
32
3
1
15
2
4
2
1
0
56
0
0
6
0
2
1
0
18
0
1
49
1
5
3
0
11
0
2
1
74
1
0
52
2
0
53
1
5
14
0
19
1
0
2
23
9
1
0
6
3
0
1
0
0
22
3
2
1
0
18
13
1
0
7
0
2
0
1
3
1
0
0
2886
17
0
1
0
8
1
1
0
0
140
0
3
43
0
1
6
5
3
0
0
1
0
36
0
1
0
19
8
0
1
0
12
0
2
2058
0
28
0
2
1
0
7
0
7
2
1
0
0
1
321
1
0
0
2
202
0
3
2
1
0
19
21
0
2
0
1
3
2
17
8
5
0
0
8
0
2
1
2
1
0
4
0
10
0
14
1
2
0
1
0
2753
1
0
145
0
1
0
1
5
2
0
1
0
7
0
2
70
2
1
6
1
0
2
1
43
0
0
5
373
1
0
69
0
1
8
0
1
7
0
3
0
2
0
1
0
7
17
0
3
0
0
4
3
1
2
0
1612
24
0
3
1
4
3
0
2
1
5
0
6
0
1
13
0
7
0
1
2
2
0
1
0
1
0
276
6
1
0
18
0
0
5
2
1
0
96
6
22
8
0
4
0
1
0
3
0
0
32
5
0
2
0
1
4
1
0
0
77
1
34
2
1
0
1
0
4
0
17
0
0
8
0
9
0
2600
1
0
2
0
332
0
1
1
0
7
0
0
3
0
0
3
3
0
36
0
4
1
16
4
1
0
1
0
16
23
2
1
0
13
0
1
0
1
0
8
1
0
1
0
430
7
0
2
1
0
69
1
0
5
1
0
3
2
2
0
1
1
0
7
0
238
0
3
0
0
3
0
0
10
3
0
0
32
0
0
110
55
1
0
3
18
5
0
3
2
4
1
0
99
40
1
0
2
0
1
2
1
0
0
35
0
7
1
0
0
2
9
2
1
0
25
2
1
0
2
7
2
5
1
0
7
0
0
5
0
1
0
2643
1
351
0
54
2
7
0
2
1
0
14
1
3
6
0
1
0
5
12
2
0
21
0
2
1
0
0
1
0
2617
10
2
0
1
3
0
5
41
1
0
0
2
1
9
2
1
0
2
24
5
0
13
1
0
0
1568
0
2
1
0
1
2
0
631
0
0
2
1
66
0
38
1
0
1
0
3
2
1
0
14
12
0
1
0
3
0
183
1
0
2
0
1
0
76
0
6
0
3
1
0
323
2
4
49
2
0
1
1
0
0
37
1
5
1
0
4
0
3
2
1
0
2
0
47
0
7
43
14
7
0
2
3
2
1
2
1
0
0
1
803
2
1
1
0
14
1
0
0
46
0
1
0
19
4
0
1
0
4
0
0
11
0
3
0
0
565
0
0
3
2
1
1
0
207
1
0
1
0
47
0
63
0
0
70
3
2
1
0
1
114
1
0
0
29
0
0
5
5
0
5
0
0
15
0
0
5
0
1
0
15
0
0
1
927
1
0
0
9
1
0
1
4
0
1170
0
5
0
1
0
1473
0
1
0
3
1
0
25
0
20
0
0
3
0
282
5
0
4
43
0
13
1
9
0
2
0
4
1
0
5
0
1
29
0
1
0
10
0
9
1
0
567
2
0
1
0
1
12
0
3
1
2
0
3
1
395
0
28
1
0
0
150
1
2
5
1
0
26
12
1
0
5
0
3
0
10
0
1
0
0
9
0
0
1729
2
4
7
0
2
1
1
0
23
0
12
0
2
1
2
0
231
14
0
12
5
0
14
0
578
9
2
0
1
0
144
2
20
2
3
6
0
2
1
0
0
148
0
9
0
24
0
4
1
1
0
6
21
6
1
0
4
1
1
0
0
1571
0
6
5
3
0
0
32
32
2
1
0
4
0
3
1
4
0
5
0
42
0
11
3
0
1
17
5
0
0
437
0
2
1
0
4
14
1
0
6
2
0
1
0
10
1
0
1
9
0
83
0
1
42
1
17
5
13
0
2
0
3
0
1
0
4100
0
15
0
0
3
3
0
0
17
1
2
0
47
0
8
4
0
148
1
2
1
0
17
1
0
73
7
2
0
1
17
0
3
0
8
0
3
0
0
30
7
0
3
2
1
889
0
1
0
5
1
0
100
0
6
2
1
0
1
53
0
15
0
7
391
9
1
0
3
1
5
0
1
0
0
75
0
6
39
5
0
1
0
6
3
0
6
0
0
10
3
2
0
1
0
27
240
0
5
16
3
0
2
1
0
11
8
1
0
1
0
18
0
11
1
0
3
3
0
129
0
1
11
1
0
6
0
5
133
7
0
0
1
2
0
1665
0
5
9
8
1
0
2
1
0
9
2
1
0
54
1
2
97
0
0
3
2
1
19
0
848
0
18
10
9
5
0
9
0
3
2
1
0
11
1
6
0
0
1
0
217
0
5
0
1
31
306
0
4
2
0
3
1
2
1
0
0
30
0
0
198
0
2
4
0
18
0
9
7
0
0
13
2
1
0
52
1
0
13
8
1
0
1
127
3
0
27
7
2
1
0
0
8
1
0
1
6
8
0
0
1881
9
0
7
0
4
0
4
1
3
0
2
5
1
0
1
0
0
227
0
2
0
2
1
3
0
7
6
2
1
0
12
0
26
0
2115
0
21
0
1
5
1
0
4
4
1
1
0
0
26
0
1
0
0
2
1
1607
25
0
1
6
2
1
0
7
6
3
1
0
2
1
0
291
541
1
2
6
1
0
7
0
0
20
1
0
5
61
1
3
2
1
0
0
71
0
1
0
1
0
40
0
7
0
2
1
24
0
1
1
0
0
12
0
0
1280
241
5
0
0
1
0
139
3
0
0
1
8
1
0
3
8
1
2
1
0
1
0
0
76
0
0
53
0
0
17
0
228
0
22
1
6
3
0
1
0
0
36
0
1
6
0
2
4
0
0
2
1
0
83
0
4
5
0
1234
37
0
2
1
4
3
0
2
1
5884
1
5
0
377
3
1
3
2
1
0
0
19
5
0
0
1
0
148
0
1
0
25
74
8
16
3
0
5
46
1
0
6
1
0
5
1
0
2
0
222
4
0
5
0
7
1
0
2
0
5
7
0
24
14
0
6
15
1
0
9
0
3
4
2
0
3
1
0
204
177
1
0
0
6
47
1
5
2
0
1
7
0
0
11
0
0
1
94
0
10
2
38
2
1
10
4
1
3
1
0
2
1
0
0
1272
1
2
0
3
1
0
3
0
0
80
20
0
1
0
0
7
2
93
3
2
1
0
3
0
0
1435
0
8
1
0
0
1
4
1
107
335
0
3
3
0
2
46
1
0
8
1
0
29
2
1
0
0
9
0
0
14
1
0
57
2
1
0
1
0
253
2
1
0
24
1
0
0
13
0
1
0
22
0
0
3
0
0
5
9
0
1
0
0
9
0
1948
101
0
1
0
11
14
1
0
3
2
0
3
1
0
12
3
0
5
0
1
2
31
1
4
0
3
0
0
34
0
2
0
1
6
2
1
0
1
5
0
402
0
0
145
1
0
7
0
202
0
26
0
1
0
29
2
0
2
1
9
1
0
2
3
0
0
69
0
3
5
0
24
0
7
0
4
2
1
0
1
3
2
1
0
0
1151
3
0
0
8
64
2
3
0
2
1
0
1
0
141
3
0
1
0
9
178
3
0
18
1
0
0
8
1
0
788
0
1
3
2
0
5
0
11
0
4
3
0
12
0
1
0
329
2
1
0
0
5
7
2
5
2
2
0
1
3
0
1
0
2
4487
0
0
49
13
0
5
1
0
0
7
0
12
2
0
2
1
61
770
0
3
0
2
1
0
11
4
0
2
3
2
1
1
0
72
0
3
259
0
5
4
0
0
49
2
1
0
32
15
1
0
0
12
1
0
3
2
1
0
1
0
228
1
0
0
5
1
0
18
0
0
9
1
1
0
0
8
100
12
10
4
0
1
0
9
0
3
1
8
1
0
0
105
1
0
1
50
0
5
1
0
15
3
1
0
2557
0
20
1
1
0
0
3
2
561
3
59
1
1
0
0
142
15
4
2
1
0
10
131
0
0
36
1
0
5
0
1
0
1
0
47
2
1
48
0
11
0
2
1
248
2
0
55
0
6
1
22
0
2
1
1
0
3
2
0
5
14
6
2
0
3
0
0
14
1
0
10
0
3
0
12
1
0
454
1
4
0
4
0
86
0
0
1
11
1
635
9
13
0
2
1
6
0
5
0
21
0
1
14
3
0
15
1
0
20
1
0
7
0
0
5
2
1
0
1
0
0
2919
0
1
0
58
3
0
9
2
3
2
0
1
86
5
4
1
0
13
0
3
261
1
96
2
0
1
43
8
0
1
0
7
0
2
1
0
5
23
0
1
0
6
0
1
3
0
106
1
0
1
9
52
0
0
5
1
0
0
3
48
7
1
0
15
3
0
3
0
6
0
1
6
1
0
5
641
0
7
0
9
10
3
0
16
0
4
0
2
0
64
0
1
11
0
6
1
0
0
4
0
0
5
0
58
2
1
11
3
2
1
0
7
0
2
1
1
0
0
3213
3
0
2
1
0
48
8
5
0
0
1
0
11
0
0
1
418
0
1
0
25
1
0
0
100
1
0
8
0
2
51
34
1
0
15
5
0
0
19
1
0
1
54
1
1
0
0
14
1
0
0
20
0
3
2
1
0
0
2
1
86
0
0
15
0
7
1
0
0
6
6
0
407
0
10
1
0
7
0
2
1
3212
1
22
5
7
0
4
1
0
0
7
0
2
1
1
0
0
1014
10
151
4
0
30
0
17
1
41
3
1
0
0
5
13
0
3
4
1
0
0
1
0
5
0
34
2
1
5
0
0
1
0
11
18
0
1
0
5
0
13
0
0
3
0
1
0
8
1
1448
1
0
7
0
3
0
0
340
0
0
2
31
0
4
5
5
4
1
0
0
3
73
0
6
20
0
10
5
0
3
1
2
1
0
0
2
1
4
0
1283
1
2
1
0
2
0
121
4
5
1
0
0
2
7
5
0
37
1
0
18
0
25
25
0
62
0
2
1
1
0
3
0
53
10
6
2
0
2
1
0
9
3
1
0
9
0
0
35
0
11
15
0
3
2
1
0
9
0
1
2
1
0
0
40
0
72
0
2
1
11
0
31
1
0
644
24
2
1
15
2
1
0
0
23
1
2
1
0
9
0
4
1
329
3
11
0
2
1
0
20
0
22
0
1
0
3
0
52
4
23
1
5
0
2
0
1
1
0
439
1
0
1
10
3
0
1
0
2
57
32
0
1
0
0
8
2
0
8
0
91
0
0
8
1
0
5
1
0
3
0
6
0
24
0
5
1
0
0
10
0
19
0
0
1
3850
1
0
3
0
8
3
0
0
17
1
3545
0
7
2
0
1
0
9
0
5
0
1
2
1
0
127
5
1
0
0
9
2
0
369
0
3
0
0
1
41
7
0
1
0
0
5
0
1
0
2
6
0
64
0
40
0
0
1
0
928
0
0
7
0
54
0
16
1
0
5
3
1
0
2
160
0
1
0
159
0
104
17
0
13
2
2
1
0
0
1
11
2
1
0
0
96
32
1
0
0
9
0
0
13
7
1
1
0
24
3
1
0
2
1
161
0
0
3
0
0
93
1
0
3
0
5
1
0
0
2
1
0
36
2
1
0
6
1
0
102
4087
0
33
1
0
0
17
2
1
0
1
2
10
0
2
0
3
0
1
0
0
206
1
16
7
0
3
0
1
0
14
0
6
0
50
5
0
0
57
1
2
0
1
0
7
2
1
0
0
42
3
1
2
6
1
0
2
3
2
0
1
0
1816
0
1
0
0
4
1081
0
9
2
0
1
0
5
1
0
0
25
0
3
3
0
1
0
248
7
4
0
1
14
8
1
0
0
5
0
39
2
1
0
1
25
0
5
6
3
0
1
0
3
0
0
3
53
823
1
0
12
3
2
1
6
1
0
564
1
0
2
26
3
1
75
1
0
0
39
1
5
0
0
1
0
13
0
1
0
1
0
269
2
1
0
3
0
2
1
0
2
1
82
1
3
0
3
0
0
45
1
0
6
2956
2
1
0
7
0
0
526
1
0
39
1
3
0
2
15
0
1
0
3
2
0
1
0
208
0
10
0
82
433
0
10
20
4
0
36
1
0
7
0
2
1
0
14
0
0
27
0
0
5
0
84
3
0
0
33
1
0
7
7
0
1
0
23
1
0
19
1
5
0
1
0
0
3
24
21
0
1
2
1
0
3
2
0
197
9
2
0
4
1
0
5
3
6
1
0
3
2
0
1
0
42
33
0
1
3
0
7
0
1
22
5
0
5510
2
0
1
0
23
0
1
0
12
0
2
17
0
4
8
1
3
0
1
0
2
1
58
19
0
137
1
0
6
2
1
0
2
0
382
1
0
6
0
3
0
2
0
1
0
168
1
3
0
2
1
0
21
0
3
3
0
1
0
0
3019
22
7
0
3
0
2
1
43
0
1
0
9
0
2
19
2
1
0
1
0
3
2
1
0
12
0
2
0
1
697
0
1
316
0
2
0
10
0
2
1
0
95
11
1
0
0
38
0
1
0
1
0
19
1
92
1
1
0
111
2
1
0
1
0
59
3
0
1
2
0
2
1
0
13
0
3
0
0
67
6
3
0
0
1
3
2
1657
2
1
3
0
8
534
1
0
197
3
2
0
85
1
0
2
1
0
7
5
4
4
1
1
0
0
6
25
0
0
1
35
8
2
0
8
0
1
6
0
1
0
0
87
0
0
7
0
1
164
0
3
0
331
3
0
4
1
4
1
0
4
1
0
5
1
0
0
3
0
148
0
1
1
0
0
2
27
22
5
1
0
22
3
1
4
2
0
1
5
0
0
23
1
1
0
0
34
70
1
0
0
5
1
0
0
11
3
0
0
8
0
0
2838
24
433
1
0
2
3
0
0
1
0
39
1
3
5
0
0
10
3
0
0
1
17
3
0
4
0
320
2
3
0
0
5
0
3
12
1
4
0
18
0
2
0
1
80
1
0
7
1722
448
2
4
0
2
1
0
28
0
6
1
0
5
0
16
0
108
1
0
0
4
40
0
0
4
5
0
7
2
1
0
433
158
1
0
0
2
4
6
7
3
47
5
0
21
0
7
1
0
23
0
0
2
28
3
0
0
5
0
1
11
0
132
0
0
4
3833
0
1
8
1
0
106
1
0
0
93
0
0
3
0
0
17
1
0
6
69
9
0
0
5
1
0
0
2
1016
1
0
42
11
1
0
1
0
9
87
1
0
5
0
1
0
20
0
1
0
3
2
1
0
166
39
0
7
0
2
1
27
0
21
0
1
0
4
0
2
3
1
0
92
1
0
3
3
2
0
1
2
1
0
726
1
0
3
1
0
45
2
0
13
0
3
0
0
340
0
3
0
0
29
8
1
2
0
1
0
4
0
0
31
0
17
1
10
0
0
3
163
1
0
6
0
15
2
0
1
1
0
0
3272
32
4
1
5
0
0
1
0
6
0
3
1
0
7
0
1
0
87
2
1
0
2
0
1
0
30
0
1
0
9
1
0
254
0
2
0
1
67
0
0
3
0
0
9
617
8
0
1
0
3
0
0
43
3
2
1
0
2
0
1
0
163
0
8
7
0
38
1
2
0
1
0
13
3
0
2
1
0
7
37
0
7
3
0
2
1
4
3
2
2
0
1
0
1
3220
0
3
0
25
1
0
8
0
18
0
1
0
11
2
1
0
19
0
2
1
0
116
0
2
5
0
0
10
0
48
0
1
0
12
1
1
0
12
4
0
1
0
507
3
2
5
11
0
0
8
3
0
1
0
1836
772
4
0
1
122
11
0
8
1
0
13
0
2
1
0
5
0
1
221
1
0
4
1
1
0
16
0
6
0
0
1
0
22
0
0
48
1
0
8
0
126
14
1
6
1
0
5
5
0
5
0
0
3
0
0
5
41
0
37
1
0
0
29
0
0
10
11
0
11
0
0
1
13
5
0
3
0
0
25
0
1
1
0
0
10
1114
0
5
1
0
285
0
1
0
15
1
3
0
11
0
1
0
15
0
0
35
15
0
0
1
0
8
2
0
1
0
27
0
5
4
1
0
5
0
0
1
0
2326
2
3
2
1
0
1
17
0
7
0
0
2
23
2
1
0
4
1
5
0
0
1
8
1
0
564
2
0
49
1
1
0
0
34
1
0
157
1
2
0
77
37
0
7
21
0
29
2
3
1
4
5
0
2
0
1
0
9
4
2
1
3
0
2
1
0
53
0
504
21
0
1
21
0
3
0
0
10
14
1
3
47
0
2
1
108
5
1
2
16
1
2
1
0
4
0
12
0
2
0
4
0
12
0
5
56
3403
13
0
2
1
20
13
4
0
1
0
11
3
0
235
12
1
0
3
3
0
241
1
2
0
7
2
4
0
8
3
0
0
1
1558
2169
45
0
0
2
1
0
9
0
16
1
0
35
0
5
4
0
12
0
2
14
11
46
6
1
0
0
4
8
0
1
0
0
9
0
2
1
202
7
1
0
12
0
7
30
0
2
1
3
0
2
1
0
35
0
640
0
0
80
3
0
5
0
1
0
39
0
2
1
0
1
534
8
6
1
0
0
8
1
1
0
0
89
1
0
5
0
23
3
0
1
0
0
9
6
2
1
1
0
542
5
3
2
16
1
0
5
4
0
5
0
1
1
0
0
5
0
1
0
2
1
0
1771
0
5
0
11
12
0
3
5
5
0
2
1
4
0
1
0
60
0
251
1
0
14
15
0
1
0
0
13
0
0
1
15
3
0
2
1
63
2243
0
3
0
25
2
195
0
1
24
0
5
27
2
1
0
0
1
4
1
0
10
0
3
0
2
0
1
4
337
2
1
0
15
0
7
2
0
1
1
0
0
264
0
20
2
1
1
0
0
24
18
7
0
2
1
0
6635
1
0
76
0
1
13
14
0
4
5
6
2
1
0
0
1
7
0
0
5
141
1
158
1
0
46
0
0
13
0
1
0
1
0
65
8
0
4
233
0
0
12
1
0
13
4
1
0
0
12
0
3
0
3
0
0
2
135
1
0
0
22
1
0
3
0
0
28
2
1
0
14
15
0
1
2
5
0
1
4
0
10
1
0
13
0
1
1655
1
0
14
0
1
0
3
0
35
4
5
3
0
256
1
0
0
36
0
2
1
7
0
4
0
2
3
1
0
3
0
0
54
0
1
59
0
9
1
3
0
2
1
0
1
34
4
3
2
0
3
0
1459
2
0
1
0
1
268
3
0
2
3
0
1
0
27
16
5
0
1
0
183
0
1
0
2
1
71
1
2
1
0
13
0
0
10
0
12
1
0
2
4
1
0
3
141
29
3
0
3
0
0
1
16
1
0
190
4
3
0
2
11
0
1
0
27
0
468
3
0
1
0
3
0
27
6
2
1
0
1
0
14
8
1
1
0
0
62
0
3
0
2
1
2573
0
0
1
0
104
2
1
0
42
7
1
0
9
0
7
8
1
0
162
0
0
4
76
0
1
8
7
0
1
0
17
23
0
1
9
0
6
3
2
0
1
1
0
1224
0
27
7
4
1
0
227
4
0
5
0
1
0
3
3
0
2
567
30
0
0
3
3
0
0
5
18
0
2
1
14
12
0
0
5
0
1
13
0
3
2
2
1
0
0
103
8
1
18
1
4
3
0
2
9
0
1
3
4
1
0
3
0
0
1
0
834
8
4
3
2
0
1
15
1
2
0
11
4
2
4
0
2
0
1
0
9
0
0
37
77
3
0
0
36
3
0
11
0
1
0
35
0
3
3
0
0
1
0
3
9
6
0
1
19
0
3
0
3
0
0
1
0
89
61
0
4
3
0
0
24
0
1
2
0
7418
1
0
1
0
111
0
0
7
0
30
3
0
1
0
0
2
1
11
469
0
1
2
1
0
356
0
1
27
0
2
0
1
5
0
1
0
0
782
0
7
4
3
1
0
0
5
1
0
0
106
9
0
5
0
0
1
0
46
3
0
0
145
5
0
1
0
0
152
9
0
1
0
11
0
0
9
3
0
1
2
0
23
1
0
1
55
3
2
13
0
1
4
1
0
5
1
0
48
2
1
0
4
0
9
24
1
0
5
0
1
47
9
6
5
3
0
1
0
0
27
0
4
0
0
5
0
1
0
11
0
2
4056
0
1
157
0
1
7
1
0
144
0
1
0
12
11
1
2
42
1
0
15
4
1
0
3
53
2
28
2
8
0
12
0
14
0
1
0
22
1
4
1
0
1
0
21
0
9
0
0
5
4
0
5
1
0
3
0
1
0
46
2
4
0
2
1
1
0
3
2
1
0
0
461
1
15
12
7
0
1
0
2
1
0
5
1
0
35
1
0
30
11
1
0
0
3
56
0
3
2
1
2
1
0
0
33
4
7
1
0
5
2
1
0
1
0
0
7091
3
1
2
0
15
0
5
0
1
0
16
4
0
2
1
0
20
1
0
5
1
0
0
436
6
3
0
2
1
0
30
1
0
0
2
3
0
0
1
32
1
1
0
127
164
0
12
0
0
38
1
1
0
0
18
0
2
0
3
14
17
1
0
4
0
5
0
1
0
87
0
21
21
30
0
1
0
0
8
3
0
1
8
1
0
2
1
0
24
2
60
1
0
2
0
1
0
20
26
0
1
7
0
2
14
3
0
0
1
31
0
7
0
2
2
1
0
1
19
4
0
6
0
2
1
0
1
0
2763
2
1
0
0
18
0
1
40
0
1
4
1
0
1
24
1
2
0
1
0
17
0
0
77
1
0
34
42
1
0
11
0
283
0
1
0
1
34
0
3
13
0
3
2
5
1
0
0
35
1
3
6537
51
0
5
1
0
18
2
1
2
0
1
16
0
2
1
11
0
2
0
5
3
0
0
2
1
312
1
0
6
3
3
0
0
15
3
4
0
1
0
1
0
420
0
1
0
5
11
0
1
474
0
32
3
0
16
1
0
2
1
4
0
40
0
2
0
12
2
1
0
0
6
0
1
452
0
1
14
1
0
52
0
0
13
0
1
0
11
0
0
19
1
0
0
14
3
1
33
0
2
1
0
1
48
0
0
1
6
1
26
28
2
1
3
0
3
0
0
22
2
1
0
980
2
0
1
0
146
5
0
13
0
5
2
0
1
4
0
5
1
0
2
66
1
3
0
10
3
0
1
0
29
1
0
2
1
0
0
14
1
0
7
0
2
122
3
0
3
0
0
1974
0
1
0
12
0
0
319
1
0
2
1
0
53
0
1
44
0
5
0
1
0
19
7
16
3
2
0
3
0
1
0
8
1
0
31
1
0
8
1
0
15
11
0
1
0
17
0
1
0
3
0
0
14
1
0
7
4554
12
1
3
0
3
0
0
394
42
0
0
2
4
7
1
8
1
2
7
2
3
0
1
185
0
3
14
1
3
0
52
9
2
2
1
0
0
1
0
7
0
28
3
1
0
2
115
3
0
6
1
0
6
0
11
4
3
0
0
3
1
188
3
0
1
0
0
33
1
0
1
8
0
1
5
0
10
1
0
473
1
0
12
5
1
0
0
51
44
3
0
1
0
3
0
0
16
12
0
1
5
11
8
0
11
1
0
184
1
0
103
0
7
1
0
1
0
27
2
3
3
1
0
0
3
0
2
31
3
38
0
3
0
2
0
11
5
0
28
4
1
0
6
0
0
25
10
22
1
0
3
0
75
1
4
3
1
0
2
0
1
0
8
3
1347
1
0
5
1
0
0
5349
0
0
2
1
3
0
23
1
5
0
1
0
52
17
0
1
0
2
1
60
19
0
1
0
3
0
0
36
2
0
1
2204
3
0
2
0
5
1
4
5
1
0
2
1
0
232
0
53
0
5
0
9
1
0
0
3
94
1
0
8
0
0
1
2
0
16
0
2
1
4
0
18
0
0
8
1
0
266
5
0
1
0
11
1
2
0
2805
149
1
0
1
0
0
65
0
0
121
0
0
7
0
8
1
0
0
15
0
8
0
4
98
18
2
30
1
0
0
3
14
1
4
32
3
0
0
5
1
0
8
1
0
0
1
20
2
1
0
13
3
0
0
5211
0
3
8
1
0
0
1
0
2
9
3
0
334
1
28
0
2
1
8
3
0
0
5
0
8
1
0
0
9
1
0
12
1
0
1147
7
1
0
18
1
3
5
0
3
0
3
0
1
0
27
396
12
0
1
0
70
0
6
0
0
7
2
1
0
80
6
3
2
0
1
1
0
0
34
0
1
1
0
0
7
1
0
0
17
8
0
2212
0
3
82
2
1
0
1
0
10
8
0
2
1
0
0
100
1
3
0
107
3
0
0
8
3
2
1
0
0
27
1
0
23
0
0
984
0
1
2
0
199
1
4
1
13
11
0
2
1
0
0
9
41
9
1
2
8
3
4
0
3
1
2
0
1
0
11
0
247
0
0
2
1
6
3
0
0
20
0
9
6
0
8
0
0
1
2
4
1
0
0
329
16
1
1
0
23
1
0
975
0
2
5
0
3
0
2
3
0
1
0
0
107
4
3
0
4
1
1
0
15
323
1
0
5
0
4
0
1
0
104
1
35
1
5
0
4
0
33
8
0
3
0
1
0
0
43
360
0
16
3
0
2
1
0
3
3
0
28
1
1
0
8
1
0
21
1
0
2
9
2
0
3
1
2
0
1
4581
25
0
1
0
7
0
15
0
7
2
1
0
9
0
1
1
0
269
0
1
1
0
2
39
28
3
0
0
3
1
0
10
19
0
1
0
4406
1
11
5
0
6
1
0
0
1
30
0
698
5
2
1
0
0
1
18
7
0
2
1
1
0
0
376
0
0
20
2
0
4
3
2
1
1
0
122
1
0
16
62
4
0
11
6
0
1
0
9
0
0
1
39
0
0
1
0
6
5
1
0
60
0
2
1
0
1
1594
1
39
82
0
70
22
0
1
0
11
1
0
2
0
1
23
6
1
34
0
1
5
0
6
1
0
0
12
0
0
7
0
1401
2
0
1
3
2
0
1
0
2
398
2
0
1
0
11
13
3
0
1
0
20
3
0
0
29
14
1
0
0
1
0
69
1
0
0
43
9
0
2
1
0
11
2
1
0
5
21
5
0
4
0
1
0
720
1
0
0
2
460
1
0
0
1
3
0
3
0
0
7
133
18
0
6
2
1
1
0
2
0
11
0
9
0
5
1
0
0
1
0
9
0
228
0
7
1
0
0
30
17
1
0
1
15
0
2
56
0
4
0
3
2
1
5
1
0
4
0
9
0
3
2
0
1
58
1
0
10
3
0
6375
0
1
0
1
5
8
0
26
3
0
2
8
1
0
4
0
1
0
402
20
0
1
10
1
0
5
7
4
0
422
0
117
2
9
0
24
0
2
0
9
0
1
0
5
0
1
0
5
0
1
0
4
77
0
1
0
1
5
10
0
0
5
1
0
260
34
3
0
2
9
0
1
9
6
3
0
1
0
68
43
9
2
1
0
80
12
0
0
7
0
2
1
0
23
9
0
0
7
1
0
2
0
1
0
33
1
86
5
0
5939
2
1
0
1
0
17
0
1
2
3
1
0
0
5
9
0
0
2
1
0
1
800
1
0
0
8
0
15
0
7
5
0
3
0
1
0
0
27
2
0
3
2100
0
3
0
0
6
0
1
0
371
151
0
215
1
10
0
1
5
1
0
0
34
2
16
76
1
2
1
0
0
14
0
0
6
1
0
0
123
0
2
1
20
0
11
5
0
3
0
7
0
1
0
0
3
0
74
0
1
0
25
40
4
1
0
0
20
0
1
0
0
5
10
0
2
1
0
19
0
11
19
0
0
2
1
1
0
0
14
39
12
0
1
17
1
0
14
0
5034
0
4
1
0
265
2
1
7
3
2
81
0
87
0
1
9
0
3
2
0
2
1
0
7
1
0
0
27
1
9
0
1
0
1
0
23
7
7
0
0
1
2
3
1
0
80
3
1
0
25
0
1
0
3
0
0
29
3
0
5
2
0
1
1124
1
9
0
0
9
2
1
0
21
1
0
0
32
5
1
0
0
9
0
1
0
5
0
224
9
1426
0
2
0
15
1
0
9
109
1
2
0
1
0
11
0
4
2
3
1
110
0
3
0
7
0
1
0
5
25
2
1
0
0
11
1
36
0
2
1
3
2211
0
5
1
0
9
2
1
2
0
1
0
156
21
1
0
1
0
46
0
15
6
0
1
0
5
0
1
41
21
2
1
0
6
21
0
5
2
1
0
1
0
7
2
0
1
0
70
1
0
2443
0
2
1
0
249
0
5
0
1
16
1
0
0
28
0
3
0
17
1
0
0
3
0
0
24
0
0
130
0
1
3
0
7
4
0
1
0
3
3
0
0
36
0
2
0
1
0
17
1
0
44
1
0
2266
2
1
23
0
3
0
0
5
0
5
3
0
0
1
13
0
0
197
0
0
3
1244
0
1
0
8
1
25
5
4
5
0
22
1
0
1
0
0
3
202
105
3
0
1
0
7
0
2
0
1
0
208
1
0
5
16
0
14
2
0
21
8
0
7
6
1
1
0
0
9
0
1
0
25
1
0
0
102
1
0
3
2
1
0
2
13
0
3
0
25
1
0
1
14
1
0
2
1
0
4408
1
0
3
0
11
0
38
1
0
3
1
0
3
0
0
170
2
0
4
1
0
3
3
6
2
0
1
1
0
42
1
0
25
0
5
1
0
0
146
3
7
0
0
5
1
0
0
5
0
1
102
0
1815
0
721
1
0
1
0
30
0
2
0
2
1
0
1
0
172
20
0
0
21
0
1
7
1
4
3
2
120
0
13
1
0
0
1
0
37
0
1
0
4
0
0
407
2
0
1
0
127
11
0
2
82
2
0
1
4
2
3
0
1
120
0
3
0
6
1
0
0
15
0
14
0
11
0
2
1
0
1659
4
10
0
13
0
2
0
2738
58
0
4
0
2
0
1
0
27
17
1
0
1
16
4
3
2
1
0
0
1
27
6
1
0
3
0
366
5
0
1
22
1
0
3
0
12
0
3
13
2
0
9
0
3
1
0
3
0
800
5
0
17
0
0
1
9
0
0
7
0
2
44
4
215
1
0
3
0
4
3
0
9
0
5
1
0
0
3
0
319
14
0
7
0
2657
17
1
5
0
6
0
3
1
2
0
1
705
43
1
0
11
0
7
0
3
0
1
0
0
21
0
2
417
1
1
0
12
0
0
8
0
2
1
48
0
0
7
0
0
5
0
1
0
19
0
1
4
3
2
1
0
0
81
4
1
0
3
16
0
0
2
2
1
71
0
7
2
0
11
15
1
1
0
14
1
0
3
8
0
0
4
0
0
2
1
941
0
0
45
5
0
47
0
1
0
12
1
2
65
17
3
2
1
0
19
0
5
1
0
1
0
0
4
62
2
1
0
7
1
4
1
0
13
7
0
0
1
0
8
1
0
4762
0
0
17
17
4
1
0
0
3
