0
1
0
0
1
2
1
0
2
0
3
1
3
0
2
2
1
0
8
0
1
5
1
0
2
10
2
1
0
0
17
0
1
2
1
0
0
1
6
15
0
0
1
0
5
1
0
0
15
4
1
0
1
4
0
8
1
3
1
0
0
2
1
22
11
2
1
0
0
5
13
0
0
2
9
1
0
0
36
4
1
0
4
0
0
2
1
0
28
5
0
2
1
9
2
4
0
17
0
20
1
0
0
5
0
1
42
1
0
2
21
6
1
0
9
1
1
0
0
2
5
0
3
2
48
0
2
5
0
1
14
0
11
2
0
1
0
20
0
7
0
0
19
0
1
0
0
11
0
30
1
0
0
10
53
20
1
0
1
0
12
1
1
0
0
21
3
0
0
3
0
0
55
1
0
11
1
2
1
0
0
36
1
0
5
0
1
33
0
28
3
4
1
2
0
4
0
0
4
2
3
1
61
0
0
4
5
0
1
0
2
54
0
2
1
0
5
0
5
0
45
1
2
4
0
1
0
12
0
0
5
2
1
0
50
0
17
3
0
0
2
1
210
58
0
0
1
33
5
1
1
0
3
0
21
0
7
1
0
54
0
2
1
8
0
2
0
41
1
23
1
0
2
132
1
0
144
0
0
59
0
5
1
0
39
1
15
2
0
1
10
0
5
0
1
5
0
126
0
91
0
12
0
0
1
0
2
8
91
14
6
1
0
5
2
1
0
0
90
0
15
1
0
0
1
43
1
0
2
20
0
141
0
6
1
0
70
5
0
1
0
27
0
68
6
4
5
7
0
2
1
2
1
0
174
2
1
0
0
15
1
0
140
2
1
0
0
8
1
0
1
38
3
0
3
0
0
230
7
30
0
0
5
1
0
0
5
10
2
3
0
1
8
1
0
3
166
1
2
0
1
0
7
0
95
2
1
0
1
0
0
8
1
0
103
0
31
1
0
128
1
0
11
1
0
9
2
7
0
0
2
1
0
4
0
2
1
0
29
0
220
3
0
12
3
0
3
0
4
0
0
2
1
205
2
1
0
1
0
9
0
0
150
9
5
0
1
0
16
0
7
0
3
0
0
69
36
7
0
2
1
0
0
3
3
0
21
0
1
0
5
8
1
0
1
0
344
0
52
0
2
1
4
1
0
45
17
0
3
10
11
8
6
4
1
3
0
1
2
0
1
95
0
1
0
198
0
18
0
0
25
7
0
6
1
0
0
147
0
2
50
0
0
7
2
27
1
22
0
1
0
33
4
82
1
0
22
1
3
11
0
7
0
3
0
0
8
1
1
0
3
110
1
0
1
0
92
1
1
0
112
118
3
26
1
59
3
0
0
2
1
25
20
2
0
7
1
0
2
1
0
0
11
7
0
0
3
2
1
0
268
7
1
0
2
1
0
0
30
4
20
0
1
0
8
0
3
0
85
0
134
0
3
0
0
5
1
0
0
80
2
1
0
3
2
163
51
0
0
5
0
4
0
2
1
0
0
20
1
0
16
4
0
8
5
1
0
3
1
0
108
0
5
2
1
0
0
1
0
159
1
3
0
41
0
180
4
1
0
54
0
0
3
115
0
7
0
31
105
2
6
0
1
8
4
1
4
1
1
0
0
5
1
0
0
49
0
7
3
2
0
1
0
7
2
0
1
121
0
0
5
1
0
0
19
0
3
2
1
0
0
285
0
1
0
15
6
1
2
0
74
2
4
0
1
147
0
2
1
1
0
0
165
0
2
1
0
0
30
1
4
3
2
43
0
2
0
1
4
0
5
0
54
1
1
0
0
3
3
0
0
4
13
214
72
0
3
0
0
65
0
4
120
3
16
1
0
4
3
1
40
0
0
11
0
12
1
5
4
0
5
1
0
2
199
5
14
1
4
1
23
1
0
1
0
24
0
5
4
2
1
0
296
0
2
7
7
0
1
3
0
4
0
1
1
0
0
69
1
0
44
1
4
1
1
0
0
5
20
1
19
7
0
2
1
2
3
1
0
0
116
11
2
0
1
0
1
0
4
6
0
229
1
0
5
0
1
0
139
0
2
7
77
9
0
0
1
4
8
1
2
1
0
5
115
1
0
115
0
104
1
0
3
68
1
4
4
1
0
114
30
2
0
3
1
0
64
3
2
0
30
2
0
1
0
4
0
15
80
3
0
2
1
0
65
0
33
1
0
6
1
6
1
4
0
11
0
3
1
6
0
3
0
1
65
23
0
0
2
100
3
0
3
2
1
0
0
135
51
2
1
0
0
8
116
11
1
1
0
0
157
1
0
6
1
0
37
3
0
5
4
2
1
5
7
0
87
1
0
54
17
0
0
5
0
3
0
16
1
0
63
3
0
7
0
0
11
7
1
0
3
1
0
10
1
0
4
0
2
0
1
457
1
2
1
0
0
10
1
2
0
7
6
44
13
0
0
2
5
1
2
4
0
1
3
0
2
29
90
3
231
1
23
7
0
2
1
0
1
0
39
1
0
0
22
17
7
0
2
1
0
1
0
184
0
4
71
0
2
1
0
5
0
1
0
12
1
0
2
158
0
38
2
1
0
13
2
1
1
0
6
9
0
1
0
9
3
1
0
0
2
185
0
2
1
53
70
0
3
0
2
0
1
9
1
0
5
67
7
0
1
2
1
0
0
1
280
4
4
0
0
15
4
0
3
3
0
25
14
1
8
1
7
130
1
0
0
82
0
0
80
6
1
10
3
2
5
0
1
0
13
0
10
5
0
1
1
0
6
1
0
10
280
1
3
78
0
5
0
79
4
0
2
41
3
0
3
0
0
6
1
0
54
1
