0
1
0
2
1
0
1
0
2
1
0
0
5
0
1
0
5
1
0
4
5
0
7
0
0
2
1
0
1
15
0
3
0
9
0
7
0
3
0
3
2
0
1
8
15
5
4
0
2
4
0
0
6
3
1
0
3
2
0
1
25
0
12
0
1
3
2
14
2
1
1
0
3
2
13
1
6
2
1
1
0
2
4
15
4
1
34
1
0
5
9
0
0
5
3
0
3
2
0
6
1
2
0
18
0
1
0
54
0
5
0
1
1
0
7
1
0
2
19
2
1
0
2
1
0
27
1
1
0
47
1
0
3
0
43
1
0
7
0
3
0
31
4
1
1
0
0
3
10
1
0
0
19
0
1
0
13
0
0
1
4
3
51
5
0
0
1
0
20
1
3
0
5
0
3
0
12
1
7
57
0
0
8
1
15
0
0
2
1
0
5
0
44
3
0
1
2
11
1
1
0
0
3
19
1
0
0
111
0
0
1
10
28
11
0
5
0
3
0
3
0
0
29
2
1
0
35
2
0
1
0
3
3
0
16
2
0
42
2
43
0
8
1
3
8
42
0
22
0
44
6
1
0
3
3
0
0
15
1
0
0
2
2
1
0
5
1
0
62
0
2
11
0
3
3
0
0
10
1
54
0
0
1
52
17
0
6
0
3
1
2
0
1
0
41
0
67
3
3
0
1
0
0
24
4
45
0
1
0
3
5
9
0
1
0
0
2
22
1
6
0
2
1
96
5
0
3
14
1
0
7
1
0
1
4
0
2
1
0
5
191
0
1
0
7
46
1
0
10
0
4
0
1
0
5
1
0
0
3
0
57
0
0
1
0
85
1
4
0
3
1
0
11
0
2
5
0
41
0
1
10
1
17
2
8
1
0
0
8
0
173
0
1
0
3
0
1
0
20
7
0
2
1
0
9
0
5
47
0
1
0
90
4
0
0
3
0
0
16
4
5
1
0
9
1
0
2
1
0
107
47
1
0
5
2
1
0
13
7
4
1
1
0
3
0
5
6
36
0
0
13
0
3
0
2
5
1
0
78
2
1
0
10
2
1
0
0
7
8
0
1
5
0
26
0
1
0
297
0
6
5
1
0
68
0
1
0
7
8
0
0
5
1
0
14
4
0
0
2
1
0
35
17
2
0
1
0
59
2
0
10
0
1
3
0
3
0
0
86
2
3
201
1
0
2
1
0
5
1
0
19
14
0
9
0
14
0
4
0
1
31
1
0
0
3
0
0
277
1
0
0
11
1
0
5
0
84
1
0
17
3
2
0
1
2
0
1
1
0
6
1
47
3
0
2
7
0
1
2
0
1
43
1
0
10
0
2
1
7
0
123
2
1
0
81
0
11
8
20
5
0
1
0
11
0
0
11
0
1
0
44
2
1
1
0
0
26
5
1
0
5
2
103
0
6
1
0
59
2
8
54
1
0
1
0
69
0
2
1
11
22
4
0
3
0
0
22
0
0
19
1
0
0
1
18
1
0
3
5
0
4
1
0
1
2
0
241
236
27
0
1
3
0
2
9
9
0
2
1
0
30
0
3
0
3
0
0
8
1
0
137
1
0
2
1
0
0
24
6
0
3
1
0
2
1
0
14
0
17
9
0
1
0
9
0
0
1
108
0
18
8
0
6
0
1
9
5
0
0
174
1
0
5
118
3
3
0
2
1
2
0
1
0
65
1
0
2
0
1
377
1
6
20
0
0
10
0
8
3
63
0
1
3
2
1
0
0
30
2
1
0
29
7
0
7
0
3
0
23
1
5
0
78
4
12
1
0
12
2
7
2
1
0
0
3
155
0
44
1
0
0
14
0
3
197
5
1
0
4
1
31
1
0
2
1
32
5
0
89
0
7
8
1
1
0
20
4
0
1
0
8
0
77
10
1
0
22
2
0
1
22
0
5
0
0
8
0
6
6
2
1
0
1
0
0
152
11
1
0
0
1
293
0
4
0
135
0
3
1
0
88
1
0
0
47
0
14
1
0
20
3
5
1
0
0
6
1
0
4
1
0
48
1
0
10
19
0
5
0
1
1
0
3
0
2
5
0
0
5
0
1
0
669
515
0
1
0
5
1
0
0
30
0
2
1
0
46
114
2
2
0
1
15
1
2
0
4
0
2
13
0
5
1
0
0
244
4
0
1
11
72
1
0
19
4
0
0
2
13
5
1
0
91
42
2
7
0
1
2
0
30
0
1
0
5
1
0
0
720
0
2
1
0
23
0
1
0
9
8
2
4
0
6
7
0
1
0
2
3
1
2
1
0
0
921
14
0
2
0
1
3
0
74
3
0
1
2
1
0
0
36
21
0
3
8
0
1
0
1
8
27
0
0
5
20
1
1
0
0
211
0
3
2
2
1
1
0
27
0
23
3
0
1
0
6
3
0
1
0
5
0
1
103
24
0
6
0
6
0
1
0
2
3
3
0
0
1
680
2
0
1
0
9
0
410
21
7
1
0
0
620
1
0
5
0
361
2
348
0
0
5
4
0
1
108
0
0
3
0
6
0
25
3
0
0
5
0
7
0
0
100
0
2
1
0
0
3
2
1
0
11
1
0
481
0
2
1
0
19
66
16
12
1
0
0
3
0
0
14
1
135
5
2
1
0
7
2
0
5
1
0
27
4
1
4
0
1
3
0
20
0
3
911
0
27
1
0
66
0
3
1
0
3
0
24
0
3
2
1
10
4
0
11
6
1
2
0
1
192
0
9
0
0
7
0
2
2
1
40
4
1
1
0
0
4
5
0
2
1
1
0
16
920
0
1
1
0
3
0
2
19
1
0
3
0
4
1
0
1
128
6
1
0
3
0
7
0
0
749
42
0
1
220
3
2
1
0
0
371
0
1
0
33
0
6
3
77
1
5
8
0
1
0
1
0
5
0
4
1
110
0
38
7
0
0
3
0
0
20
0
1
17
1
0
4
32
0
11
1
0
29
3
2
0
4
2
1
0
7
2
1
0
1
0
3
2
1
0
0
759
24
0
5
0
1
22
11
7
0
236
1
1
0
18
2
7
7
2
6
1
0
2
0
8
2
1
0
0
897
16
2
1
0
0
5
1
0
0
1
0
129
0
2
0
2
1
0
9
3
349
0
2
323
7
47
1
0
26
2
1
0
9
5
1
0
0
2
9
7
0
0
9
1
0
9
2
7
0
0
17
0
3
0
754
111
48
0
30
0
1
8
0
1
11
5
0
0
9
8
3
0
2
1
0
4
92
0
11
2
0
37
0
3
0
1
0
0
11
2
0
1
8
1
0
3
19
1
0
66
0
0
1
1384
0
1
10
7
0
3
1
2
32
1
0
9
10
1
0
1
5
0
0
1
4
0
5
0
1
253
0
3
1
0
8
3
6
1
0
846
5
0
11
11
0
0
16
0
1
0
18
0
2
4
1
0
2
3
1
0
0
2
122
0
38
20
11
1
0
0
1
0
120
3
0
0
1
21
14
1
9
0
0
6
0
4
0
0
5
1
0
0
459
1
0
0
5
0
1
0
4
5
1
0
0
856
0
8
0
1
33
0
1
5
0
0
1
9
1
3
0
112
1
0
4
0
1
0
1
58
13
0
2
1
0
35
0
9
0
6
3
0
8
14
0
5
0
5
1
0
5
5
0
3
0
8
2
1
1
0
0
20
1
0
1222
1
25
3
0
5
0
4
3
0
0
1
0
15
3
0
2
107
4
5
3
0
1
27
1
3
27
5
0
2
1
0
2
1
5
10
0
40
1127
0
42
1
0
5
1
0
1
0
0
4
33
412
0
1
0
6
0
739
0
1
0
66
1
2
6
0
19
0
0
16
0
1
6
1
0
4
0
1
0
1
50
0
1
0
0
10
0
3
3
0
0
9
8
2
1
0
3
9
0
2
1
3
1
0
678
3
342
13
0
1
0
7
0
12
77
1
1
0
8
7
3
1
0
2
1
0
0
155
0
0
69
36
0
10
0
10
0
0
16
0
3
2
13
1
0
1
0
7
0
453
33
0
0
2
1
0
1
27
0
22
2
6
2
1
2
0
1
0
7
64
0
3
0
3
0
13
5
1
3
0
1
0
3
0
0
3
23
28
0
0
1
2
13
7
0
3
2
1
5
1050
56
2
1
0
0
27
1
0
0
852
4
5
2
0
1
62
16
0
0
5
5
0
303
9
0
1
40
0
1
0
5
0
1
0
37
4
1
3
0
3
0
0
