0
1
0
1
0
2
3
0
2
1
4
1
0
4
1
3
1
0
2
0
1
0
2
1
14
0
1
0
10
0
0
2
7
0
0
8
0
0
1
0
17
0
1
1
0
10
7
0
1
9
0
3
0
0
4
8
0
4
14
1
0
20
5
0
1
0
0
2
1
0
15
0
0
23
1
5
0
1
0
0
28
4
2
1
3
0
7
20
3
0
1
0
6
1
0
2
26
0
3
0
0
19
1
0
19
0
2
3
0
1
0
0
5
1
0
16
1
2
1
0
0
1
40
36
19
0
1
0
6
3
0
4
3
0
0
22
4
2
0
1
0
5
1
0
0
5
1
0
0
69
9
2
10
0
3
0
0
3
0
4
0
3
54
0
1
0
18
0
7
2
0
1
0
66
3
0
1
2
0
1
15
0
21
11
0
1
0
70
0
1
13
1
0
0
6
0
1
4
1
7
0
39
21
4
0
3
0
0
1
43
9
2
3
3
0
0
24
1
0
11
0
0
5
50
2
1
0
1
0
11
0
1
49
9
0
3
19
0
0
15
2
1
0
4
1
0
5
0
1
0
7
0
89
0
0
11
1
0
0
93
1
0
1
0
6
3
0
1
0
0
9
0
7
0
1
4
0
17
1
8
1
0
1
0
0
211
0
0
1
0
25
0
5
1
0
20
47
0
2
0
1
0
9
7
0
23
2
1
0
1
0
17
1
0
0
77
0
0
10
1
0
5
1
0
0
15
93
0
7
0
3
0
0
9
0
5
1
0
0
36
1
0
2
1
0
0
59
9
0
0
18
1
59
0
1
0
7
1
0
6
1
2
1
0
28
7
2
1
0
58
0
5
43
0
0
4
5
1
0
0
3
0
29
17
2
1
0
0
15
3
0
2
1
0
1
0
199
1
5
0
0
1
11
1
0
45
5
1
0
5
0
2
1
80
3
0
0
35
0
5
1
0
3
0
24
0
1
1
0
146
0
5
5
0
2
2
1
0
1
0
5
55
0
30
0
5
1
0
0
3
0
0
9
0
46
63
2
1
0
0
1
92
0
1
58
1
2
5
0
3
0
0
1
0
5
0
1
88
0
0
20
0
1
5
1
1
0
4
1
0
1
189
3
0
0
1
0
7
0
25
1
0
5
1
0
1
0
116
4
1
1
0
0
2
241
0
1
2
1
0
5
0
1
0
26
5
5
1
0
41
6
0
0
3
1
2
6
5
0
1
16
20
1
1
0
7
4
1
23
3
0
0
2
51
7
0
2
1
0
3
2
0
1
0
118
0
7
1
0
0
2
1
0
180
1
2
1
0
1
0
0
180
2
1
11
0
1
87
5
0
1
42
1
0
1
33
0
10
2
6
0
2
0
1
0
17
0
1
0
12
3
0
3
0
197
2
0
16
7
0
2
1
1
0
34
0
1
0
12
7
2
1
0
0
1
0
17
21
13
4
1
0
194
11
1
0
3
0
0
55
2
7
0
1
0
2
0
1
39
0
18
0
0
5
0
1
0
4
17
3
1
4
2
0
1
0
114
1
18
0
7
5
2
0
1
4
1
0
3
2
0
37
7
1
0
5
6
1
0
151
2
1
1
0
0
12
258
0
5
1
0
0
13
15
0
2
1
3
0
2
1
1
0
8
0
240
12
1
0
0
5
0
3
26
9
0
1
0
9
0
0
1
0
5
0
1
0
221
19
1
0
11
1
2
1
0
0
111
1
0
0
72
4
0
1
0
1
0
12
0
32
1
0
0
4
18
6
5
1
0
8
1
0
0
3
0
3
349
5
1
0
0
2
25
1
6
1
0
9
0
4
3
2
1
1
0
8
41
1
92
3
2
1
0
14
3
0
0
1
3
0
9
0
2
3
3
0
0
142
1
4
3
0
2
1
26
0
5
5
2
1
0
2
238
2
4
1
0
20
0
3
0
2
