0
0
1
0
3
0
0
1
0
2
3
4
1
3
0
2
1
0
2
5
1
3
0
4
3
0
6
1
0
3
0
0
9
3
2
0
7
0
11
0
1
0
2
1
8
1
5
2
7
1
0
0
4
5
12
2
1
1
0
0
9
7
0
14
1
0
15
0
2
1
0
5
0
10
0
4
1
0
1
0
50
0
8
1
0
0
5
4
0
5
1
0
1
0
0
25
7
0
3
3
0
0
2
30
15
1
0
4
33
2
1
0
21
1
1
0
23
2
9
5
0
1
0
27
0
12
0
0
1
0
4
8
0
6
1
0
15
0
1
0
2
16
1
0
80
5
4
1
13
0
3
0
5
0
1
12
5
1
0
2
5
2
0
34
6
0
0
3
0
13
1
0
0
3
0
38
0
1
12
0
1
36
0
17
4
0
1
0
1
18
19
0
1
0
5
1
0
42
0
3
0
28
0
5
10
0
0
6
2
0
1
0
1
73
1
0
0
9
2
1
0
0
19
3
0
0
1
44
24
0
0
3
0
5
0
3
8
0
1
4
1
1
0
6
56
1
0
0
116
0
0
9
0
3
0
35
0
2
6
1
0
3
0
0
43
0
53
0
41
0
20
0
1
17
0
7
2
40
7
1
0
4
1
35
3
8
0
6
1
0
7
1
0
0
5
0
2
1
0
1
0
154
0
5
1
1
0
8
11
2
1
0
0
61
81
1
0
2
0
13
0
1
10
5
0
1
31
1
2
15
0
1
1
0
0
46
0
1
4
3
2
1
0
10
5
0
0
7
5
0
0
1
26
1
0
3
0
2
1
132
0
17
1
4
0
7
2
0
37
0
5
8
1
0
27
0
1
2
0
42
44
1
0
13
0
1
0
13
1
7
0
0
2
96
40
3
0
0
87
2
1
0
6
1
0
0
37
5
0
1
0
28
1
0
2
1
42
1
0
2
8
1
9
1
0
2
2
1
29
0
0
1
0
2
178
1
15
0
0
11
1
1
0
0
15
0
18
0
11
0
75
3
0
2
1
0
1
44
0
5
0
2
0
1
0
18
0
116
5
1
0
0
5
0
1
127
0
1
0
1
33
32
0
1
0
23
4
7
2
1
0
0
3
3
0
0
133
1
0
9
0
2
1
0
0
11
1
0
5
0
102
12
3
0
3
3
0
133
2
0
18
1
0
0
4
5
0
54
0
2
0
3
1
18
0
5
0
1
54
12
0
0
6
0
1
53
1
1
0
0
15
2
1
126
0
2
1
138
9
0
0
1
0
61
0
7
9
0
1
0
0
3
14
2
5
2
1
0
5
0
4
104
1
0
1
0
0
11
3
0
2
1
0
1
0
5
0
7
177
9
2
0
42
2
10
2
26
0
1
0
14
4
3
1
0
3
0
178
1
1
0
0
83
1
1
0
0
8
1
0
107
2
5
0
1
1
0
8
1
180
1
59
5
1
0
1
0
3
5
1
0
42
2
1
0
0
11
0
4
12
0
57
0
7
0
4
0
2
0
113
0
38
0
0
7
0
1
2
0
55
0
3
0
0
19
17
5
2
1
0
1
0
168
3
3
2
19
4
1
0
0
36
22
0
4
0
13
2
1
0
1
0
0
3
12
2
0
40
0
33
0
11
0
1
0
0
30
0
3
0
8
0
1
1
0
116
1
0
4
1
0
0
97
5
1
3
0
1
0
244
1
0
2
1
0
71
5
0
1
0
3
0
1
0
0
146
0
1
0
127
1
2
0
14
13
1
2
3
0
1
0
11
2
0
38
1
0
13
2
1
0
1
0
2
185
0
12
0
3
8
7
0
7
4
3
0
3
0
1
0
0
54
3
0
0
25
3
0
15
1
0
124
344
25
0
6
0
1
0
1
0
5
0
5
1
0
0
1
0
34
0
1
0
17
1
48
2
1
96
1
24
1
0
16
5
1
0
38
1
0
3
3
0
3
0
2
19
29
0
1
0
2
7
0
1
11
0
0
2
31
0
17
4
1
0
18
0
2
2
1
0
0
1
0
211
7
0
0
4
11
3
2
1
1
0
0
2
1
0
384
2
2
1
0
1
0
4
3
41
9
3
2
0
8
0
2
4
3
0
1
0
298
24
10
1
0
0
1
13
3
1
0
2
0
23
0
5
0
6
1
0
160
15
0
1
0
213
2
181
0
1
2
1
0
0
152
3
0
10
0
3
7
0
13
0
0
58
0
4
1
0
1
0
6
1
3
0
3
0
2
103
24
1
8
0
4
2
0
1
8
0
7
24
0
1
2
1
0
42
6
5
0
200
29
1
0
48
0
3
0
2
0
1
5
0
14
1
0
2
1
19
1
0
0
31
15
0
8
0
2
20
1
2
0
1
7
0
5
1
0
2
0
1
0
9
0
1
0
530
7
2
1
0
1
49
1
1
0
0
20
3
0
0
1
0
415
0
3
0
138
0
2
11
0
23
0
3
68
5
1
0
1
0
0
67
1
0
2
0
1
0
220
0
7
0
3
0
1
0
0
19
3
25
95
7
1
0
4
1
6
1
0
2
7
2
0
1
3
0
125
0
1
0
74
0
1
37
0
2
0
4
0
0
48
1
2
0
4
0
2
1
0
131
41
0
53
2
3
1
0
5
60
2
1
66
0
0
3
0
42
1
0
15
3
1
2
0
1
0
11
3
0
0
541
0
2
0
1
2
0
10
1
0
3
2
12
4
264
27
2
1
0
27
0
1
22
0
1
0
0
9
0
16
0
6
0
0
8
0
3
0
12
1
2
0
4
0
2
1
0
251
1
0
1
0
171
9
4
3
5
1
0
4
2
11
0
0
4
0
0
101
7
0
0
233
3
1
2
29
0
0
7
18
0
1
1
0
0
37
0
1
0
32
1
0
9
0
3
2
118
24
2
0
1
19
1
0
5
64
13
2
23
0
5
13
0
0
3
0
5
0
1
19
4
1
0
1
24
2
3
2
1
1
0
0
100
1
0
73
0
2
0
1
11
1
0
52
10
0
1
0
21
0
1
0
57
1
0
635
0
108
0
0
5
0
1
9
1
3
3
0
2
1
0
2
230
38
2
0
3
0
1
0
0
34
1
0
5
2
1
0
1
0
0
27
0
3
0
246
0
5
2
0
1
0
1
6
0
45
4
0
0
29
3
0
2
1
0
5
1
0
0
352
0
1
30
0
0
3
1
0
29
0
3
6
0
1
1
0
0
14
0
0
6
0
1
0
620
0
1
0
5
7
0
2
1
23
0
3
0
4
0
5
3
0
305
0
14
2
1
11
0
3
1
2
173
0
13
0
1
20
1
0
1
0
469
0
0
1
5
0
7
69
1
0
5
3
1
0
0
124
0
0
14
1
0
20
1
2
1
0
8
1
0
5
0
3
2
1
53
5
12
0
9
1
0
3
2
3
2
1
0
1
0
25
2
0
4
27
164
210
0
46
0
1
0
8
1
0
382
32
0
1
0
19
5
0
1
0
22
0
5
1
0
0
8
2
1
0
117
54
3
0
1
0
239
14
6
4
2
1
56
0
2
0
1
0
11
1
0
0
12
3
3
3
0
0
2
1
0
11
42
48
8
4
0
2
4
0
0
23
0
11
0
3
0
0
3
4
3
0
1
0
0
5
0
824
0
0
65
20
2
1
0
10
0
3
0
0
29
10
0
1
2
0
1
3
11
0
0
166
0
7
5
0
49
0
1
1
0
103
3
30
0
1
11
35
0
13
0
6
2
0
3
0
4
0
3
1
4
0
2
1
56
2
0
1
349
2
0
2
1
5
24
0
291
0
0
3
9
0
2
1
0
5
1
0
4
0
59
2
0
1
0
83
1
0
0
9
0
5
8
1
0
1
22
1
3
0
2
1
0
9
0
5
1
0
6
3
0
0
754
18
0
49
0
0
33
1
0
1
16
1
5
0
12
0
1
3
0
5
1
0
2
201
1
12
6
0
11
1
2
1
0
6
0
0
1
5
0
0
1
0
318
15
0
13
459
2
0
1
40
1
1
0
2
0
1
149
0
1
5
0
0
1
0
27
1
6
1
0
10
3
0
19
2
1
0
0
5
1
0
0
370
6
0
4
0
0
3
0
0
2
33
0
116
0
7
1
27
1
0
1
0
23
0
76
2
1
30
0
0
7
0
1
0
89
0
81
0
1
13
0
1
0
5
0
1
4
4
1
1
0
68
0
1
0
3
3
0
5
0
9
0
35
1
0
2
0
1
19
2
0
3
0
0
1
0
318
1
0
1
0
16
1
1
0
5
7
0
0
684
18
4
1
0
1
9
1
0
296
0
7
0
1
0
4
5
20
0
1
0
1
16
3
3
2
3
0
0
245
82
0
1
0
3
2
1
0
39
1
0
0
2
4
1
0
5
1
0
3
0
161
0
3
0
37
0
1
28
1
0
8
12
9
0
1
0
4
34
2
1
0
1
3
0
10
5
0
7
6
0
4
0
0
736
0
2
1
0
59
12
0
4
5
3
0
1
0
47
0
2
1
0
320
4
5
2
2
1
509
1
0
2
129
99
10
4
0
1
0
3
5
0
63
11
25
1
8
1
2
0
1
0
50
5
0
0
1
0
5
1
0
46
0
0
9
0
7
0
2
1
0
3
0
0
5
1
0
0
23
8
1
0
1
0
759
33
5
0
0
5
0
45
3
0
10
2
3
0
1
52
10
5
1
6
11
0
10
1
0
3
0
0
17
0
3
0
1
0
60
2
1
0
0
21
1
0
19
11
2
1
1
0
0
17
1
0
96
2
0
1
0
114
0
3
2
857
1
0
8
1
0
4
1
0
1
0
0
153
5
0
1
1
0
0
7
0
11
44
93
391
7
2
0
9
1
0
13
1
0
1
0
367
0
4
0
1
1
0
0
562
1
0
11
0
9
0
5
3
0
3
0
0
4
3
1
0
120
1
14
1
0
31
0
4
0
16
0
5
10
1
1
0
322
1
17
0
3
0
243
3
1
0
2
7
2
1
0
0
1
0
103
5
1
0
3
0
4
1
0
0
117
0
27
0
0
18
0
0
5
13
0
0
4
1
0
1
0
0
96
0
0
32
0
0
3
6
1
0
0
9
5
5
1
0
1
0
5
1
0
779
5
3
3
0
10
1
0
2
0
1
0
18
0
15
0
2
1
3
0
3
0
1
0
440
2
0
1
0
276
0
1
0
8
1
3
0
1
0
27
8
1
158
3
4
1
0
1
0
3
0
49
0
8
4
1
0
611
0
0
26
0
1
0
2
0
45
0
5
0
13
0
7
0
3
2
2
1
1
0
0
17
1
0
2
0
15
156
0
0
5
0
17
1
3
2
58
0
3
60
1
5
0
3
0
4
0
5
0
1
21
0
2
24
0
24
35
1
0
23
0
6
1
0
0
18
0
0
2
856
13
1
0
16
1
2
0
4
0
22
0
7
5
4
0
1
0
3
0
0
8
0
0
1
0
3
0
0
535
3
0
21
2
1
0
0
6
5
68
6
0
5
1
0
43
2
0
5
1
0
1
0
0
5
321
0
3
4
4
0
2
1
0
0
2
1
34
0
3
0
0
187
0
0
3
2
1
7
1
0
26
1
0
6
0
1
9
1
11
5
1
0
1
0
560
2
1
676
65
0
3
1
0
11
0
0
8
3
86
3
0
14
0
10
2
26
0
4
1
0
23
1
0
5
1
18
0
6
0
3
2
0
1
0
21
1
0
57
0
10
1
1
0
2
423
0
0
23
0
1
0
11
2
0
1
5
0
6
7
1
0
0
9
447
0
2
20
0
0
3
0
0
1
9
0
0
31
81
1
0
0
23
1
0
2
0
1
0
9
24
36
0
0
3
0
23
10
4
1
0
3
18
6
1
0
1
0
9
2
1
1
0
1137
1
0
42
10
12
2
1
0
0
103
6
19
2
0
1
0
9
1
0
1
20
0
12
1
0
594
11
3
2
1
2
1
0
47
21
5
0
2
1
1
0
416
3
2
1
14
2
0
1
3
2
1
0
834
2
0
1
0
13
0
0
1
17
1
0
0
7
2
0
48
2
1
0
114
0
8
1
0
3
12
1
0
21
0
2
1
0
2
1
0
10
6
1
0
214
1
1
0
2
33
0
76
9
2
0
22
24
1
0
2
1
0
23
2
0
3
1
0
104
1
15
0
6
0
2
1
0
90
0
5
1
0
0
2
1
0
446
0
52
0
8
0
3
0
11
2
0
3
2
1
0
1
11
0
15
7
0
129
0
9
1
4
2
1
0
0
3
1
0
75
23
2
0
25
1
0
0
1
0
3
18
1
0
11
0
2
1
0
5
21
1
0
982
0
627
176
0
1
0
342
5
5
4
0
1
0
3
51
1
0
0
7
0
28
7
1
2
0
5
55
3
6
3
1
0
2
1
8
16
1
0
9
0
5
0
10
2
0
1
2
259
1
0
3
0
0
298
1
0
7
0
3
0
0
17
0
6
0
3
0
1
0
288
0
17
1
0
15
1
0
238
1
0
14
0
0
36
1
0
2
0
1
21
0
2
6
0
52
0
5
0
1
0
19
0
3
0
2
1
0
74
2
0
21
12
0
2
725
4
0
5
52
1
0
55
2
0
1
31
3
2
1
0
1
0
59
2
1
0
1
0
39
1
0
4
0
7
2
2
0
1
3
2
1
0
1
0
395
1
0
0
13
183
0
3
1
2
0
1
0
2
1
0
41
0
0
6
0
2
3
0
15
1
0
89
3
1
0
0
7
1
0
4
0
38
0
9
0
0
1
0
3
0
1163
4
1
0
16
4
0
3
0
0
23
1
0
1
0
357
3
2
0
9
152
4
1
0
1
0
0
109
2
0
4
3
1
0
2
2
1
17
24
87
0
3
0
0
120
0
9
2
0
1
0
9
5
0
22
3
0
2
1
0
9
1
0
27
0
0
5
0
1
13
2
27
0
2
15
4
1
0
2
1
0
5
2
17
0
1172
0
8
3
0
3
0
0
59
0
2
1
16
0
17
1
1336
41
0
1
1
0
3
0
8
1
15
1
0
2
0
903
2
1
0
11
0
9
2
0
1
0
224
9
4
0
1
1
0
71
2
4
0
3
55
1
0
57
0
21
9
0
1
2
0
7
0
1
346
1
0
6
4
0
2
0
1
65
1
4
4
1
0
1
52
9
0
4
8
5
0
4
1
0
2
0
1
4
1
1
0
0
305
0
30
0
2
50
0
17
3
1
2
0
1
0
19
1
0
2
0
1
0
50
0
1
2
0
4
3
3
0
476
0
4
0
1
5
0
31
4
3
0
5
991
0
20
0
106
1
0
2
0
1
0
5
0
1
0
11
4
36
2
41
0
9
0
84
5
1
0
0
6
0
1
44
0
0
13
4
1
0
7
1
0
5
0
46
0
1
2
0
1
0
148
0
5
0
1
0
2
1
50
0
3
0
0
1
0
20
0
8
0
0
469
0
1
2
0
23
0
0
1
217
1
0
36
0
1
0
0
5
0
1
0
28
1
0
58
8
0
11
0
370
0
15
2
1
0
9
0
1
6
3
0
0
1
3
0
39
2
0
1
4
1
0
1
89
0
0
4
5
0
1
0
19
0
2
1
1
0
19
0
3
1
1426
0
9
1
2
1
0
2
0
26
