0
1
0
0
2
1
0
3
0
1
0
0
5
0
1
0
7
4
1
7
2
3
0
2
1
1
0
0
11
0
6
1
1
0
0
2
1
3
0
12
1
8
8
0
0
2
4
1
2
0
4
0
2
1
0
29
1
12
3
0
8
1
0
6
1
0
11
0
6
1
0
8
0
5
1
3
1
0
0
2
1
0
13
56
0
1
0
14
4
0
0
14
0
0
13
2
0
3
1
0
3
0
8
4
30
5
2
0
1
0
46
0
1
2
0
10
2
1
0
0
2
16
4
1
0
1
41
0
2
1
0
6
1
0
2
3
1
21
0
1
0
19
0
13
3
1
0
11
0
2
3
0
1
0
45
0
4
0
1
4
1
0
74
6
11
0
1
2
0
1
0
15
0
2
5
0
5
0
1
0
57
3
12
0
1
0
2
45
1
0
0
10
0
2
1
2
0
6
44
12
13
0
2
0
1
4
0
1
8
0
2
0
1
0
8
1
1
0
0
88
10
8
1
6
10
0
2
0
1
0
5
0
58
11
3
1
0
2
17
1
0
0
9
0
7
7
3
0
2
47
0
1
20
0
2
0
86
0
2
1
0
0
7
58
0
0
19
0
5
15
1
0
0
46
1
6
1
0
3
0
0
111
1
0
9
18
0
6
3
5
0
3
0
0
1
0
84
0
12
0
7
0
43
0
1
0
2
1
0
3
11
1
0
2
17
1
21
1
0
2
1
0
5
29
88
11
0
22
1
0
0
17
0
1
3
2
106
1
0
6
2
25
0
5
0
11
0
2
1
0
62
0
2
10
0
1
4
1
3
1
0
0
2
1
0
27
0
1
0
3
19
10
2
0
1
55
2
0
1
4
1
3
13
2
2
0
1
0
1
198
2
0
1
0
38
2
1
20
0
1
0
3
0
0
21
2
0
1
1
0
0
105
2
1
0
8
1
3
0
2
1
0
8
0
0
114
1
0
114
0
0
7
3
0
2
9
0
6
1
4
1
2
1
0
0
28
1
0
0
6
0
1
119
16
6
1
0
34
2
1
1
0
0
17
0
39
0
3
0
5
2
0
1
4
0
1
0
159
2
5
0
1
6
0
56
1
0
7
0
0
38
107
1
0
11
1
0
0
3
2
1
0
45
0
7
0
0
1
2
31
0
3
0
83
0
3
0
0
16
1
0
2
1
0
7
0
95
5
0
1
28
18
2
1
152
14
0
8
0
3
2
33
0
1
15
2
0
13
2
7
0
1
4
68
1
2
0
1
27
4
1
0
1
0
5
0
11
1
0
180
1
0
1
0
80
3
15
0
3
0
0
5
0
1
0
126
42
2
1
77
1
0
0
10
3
3
0
0
5
1
0
92
0
1
0
21
1
0
0
8
0
3
0
0
92
2
1
3
0
3
0
3
0
41
0
1
2
0
9
3
0
1
2
320
0
5
8
1
0
70
2
7
0
2
1
0
0
115
0
3
2
7
1
0
0
74
2
24
0
1
0
19
23
0
9
0
4
0
108
3
3
0
1
0
3
0
10
4
39
0
3
1
0
11
76
0
3
0
0
7
3
0
0
81
0
1
0
3
0
4
3
0
124
19
0
1
1
0
12
1
0
0
5
0
17
3
0
4
1
0
16
0
1
0
21
0
2
1
0
2
1
0
363
8
3
1
0
0
2
3
1
2
0
1
0
94
27
0
0
2
1
14
2
1
2
0
20
0
0
1
123
6
6
56
0
3
0
1
0
233
0
1
0
9
0
1
0
5
83
1
1
0
0
2
1
18
16
2
25
8
3
0
0
1
209
5
0
1
0
0
3
3
0
0
49
3
0
45
45
0
1
10
1
11
2
1
2
0
1
0
64
14
0
2
0
12
0
0
3
8
1
0
0
24
1
38
1
0
0
7
2
0
11
171
0
0
107
1
0
6
3
0
92
7
1
0
0
2
7
1
0
17
0
5
15
0
0
1
0
161
1
0
77
0
23
1
0
0
9
0
1
0
6
1
0
17
0
2
1
17
0
109
0
1
0
5
0
1
11
1
0
2
0
1
347
1
0
89
1
3
0
3
0
47
0
1
0
35
0
0
5
1
0
0
3
0
48
1
0
1
9
3
0
0
3
0
0
14
26
1
0
56
0
0
17
1
0
7
2
164
4
0
1
3
0
4
1
0
0
4
0
2
0
1
0
541
2
1
1
0
0
51
1
1
0
11
1
0
20
3
1
0
11
0
0
3
3
0
1
0
19
2
1
0
87
1
0
0
150
1
0
13
0
16
2
5
0
1
5
1
0
0
4
165
7
1
2
8
2
1
0
3
27
2
1
0
0
1
64
1
3
17
0
1
0
12
0
2
0
2
1
1
0
0
132
0
19
0
1
5
0
4
201
5
4
1
5
0
1
0
50
0
3
1
2
12
41
5
0
1
0
6
3
3
0
1
2
1
0
2
0
392
2
0
1
1
0
12
2
1
3
242
2
1
1
0
116
1
0
0
2
1
39
5
0
3
0
0
41
0
1
153
3
0
0
21
17
2
1
0
79
13
0
10
3
0
0
35
3
3
0
31
3
1
5
0
0
3
0
27
0
0
9
4
1
3
0
32
1
0
0
3
0
0
7
2
0
1
0
138
0
0
7
0
5
1
0
0
29
1
0
10
1
0
70
0
3
1
4
1
0
1
2
0
1
7
34
1
0
7
2
1
0
2
0
771
0
5
1
0
0
1
0
3
0
0
25
0
86
0
0
21
1
0
4
3
2
0
1
0
16
5
0
0
286
142
0
3
0
1
0
13
1
15
0
5
0
0
92
0
0
2
1
21
0
4
4
0
23
0
1
0
3
0
5
8
8
0
1
0
10
0
2
0
1
16
1
0
0
371
468
3
0
2
1
0
117
0
60
0
1
0
2
15
0
3
0
5
0
321
0
0
7
26
2
1
0
67
10
1
0
5
7
2
1
0
17
0
2
5
1
0
1
0
0
195
1
14
0
8
0
2
1
0
34
5
0
1
1
0
0
235
0
11
20
0
5
1
0
1
39
2
1
0
5
0
0
10
0
2
2
1
78
3
3
1
0
0
3
0
2
0
46
2
1
4
1
0
0
5
0
1
10
0
63
0
25
6
1
0
1
2
0
3
668
4
2
11
3
0
70
3
0
0
28
6
2
1
0
2
1
0
40
1
0
0
1
0
7
5
2
1
0
40
6
2
0
1
5
25
0
2
1
7
0
0
3
0
3
0
265
218
5
4
0
1
9
0
142
1
0
6
2
1
0
2
0
1
0
41
11
0
50
0
6
1
0
1
0
96
0
5
3
0
0
2
1
10
0
5
0
14
1
0
47
0
1
2
0
5
2
1
17
1
279
1
0
2
1
0
150
0
7
0
0
5
6
3
0
5
0
1
0
1
2
1
0
0
584
0
37
0
18
1
2
0
1
1
0
11
0
2
1
131
0
0
2
9
3
0
2
1
0
47
0
0
7
17
1
0
0
2
14
1
1
0
3
7
0
2
7
613
0
2
0
45
0
22
8
1
0
7
0
2
7
2
0
1
0
3
206
26
1
0
2
1
0
4
528
3
2
0
1
37
19
0
0
21
0
56
4
0
2
5
0
10
1
0
0
84
18
33
0
1
3
2
1
0
2
0
1
0
90
1
12
3
0
0
37
2
0
4
3
3
0
1
0
0
239
6
0
3
1
2
10
0
5
1
0
3
186
0
56
3
0
3
0
0
15
12
7
0
5
0
0
11
0
3
136
1
0
9
1
0
3
2
0
1
0
33
5
154
2
1
332
11
17
0
0
4
3
11
2
1
0
2
0
1
0
49
5
0
1
0
269
270
24
1
2
20
10
2
0
2
1
0
1
90
1
0
6
0
2
2
0
1
1
0
896
1
0
31
2
0
5
85
0
0
1
19
0
5
6
0
1
16
0
1
0
1
5
6
1
2
1
0
47
34
6
1
0
9
0
1
0
1
0
7
0
11
1
0
4
1
0
0
1
0
67
13
2
1
0
1
2
14
0
2
0
7
0
255
1
1
0
0
45
0
305
0
7
15
2
0
1
2
0
1
184
10
0
0
2
1
0
3
0
0
27
1
0
4
0
15
1
0
7
2
1
0
3
4
0
5
1
0
0
2
1
880
0
1
6
6
1
4
1
1
0
0
3
0
0
5
318
57
12
3
2
1
0
0
1
16
9
70
6
1
6
1
0
22
4
0
2
0
1
0
10
0
1
0
12
2
1
0
0
226
0
0
104
3
0
6
0
1
3
2
28
0
0
18
2
19
0
4
3
0
1
0
0
3
3
0
389
2
8
0
1
0
19
2
431
1
3
0
141
1
2
1
0
19
0
0
5
88
11
2
0
11
0
1
6
1
0
2
7
0
226
18
2
1
0
8
0
0
67
2
0
1
17
15
1
0
2
1
9
0
0
5
0
1
15
83
0
2
37
9
8
4
1
27
3
1
0
2
0
16
0
1
7
0
2
1
0
863
0
0
29
46
1
0
0
16
0
1
0
12
3
0
0
9
1
2
0
5
4
1
2
0
147
3
9
0
5
8
0
4
0
1
0
6
0
0
14
5
2
1
5
0
0
1
0
47
3
0
48
3
0
0
7
2
0
1
2
3
1
0
2
0
55
0
0
552
3
0
583
1
0
0
26
1
13
0
1
2
18
4
0
1
0
1
139
1
8
1
0
0
3
1
0
19
4
0
4
1
2
1
0
22
3
1
0
2
0
4
0
0
9
225
0
53
0
1
0
255
9
0
1
19
1
22
1
2
1
0
0
14
2
1
0
1
1064
1
0
0
2
1
0
17
1
0
169
19
3
2
1
0
0
1
0
288
56
0
2
1
0
11
66
0
1
0
8
0
3
0
86
64
0
40
4
3
0
0
1
7
1
0
3
0
0
65
3
4
8
2
1
21
2
0
33
1
0
4
0
1
0
10
0
0
1
11
1
0
6
0
0
1
3
0
166
4
0
0
2
1
70
0
6
1
20
0
1
2
0
1
4
1
1
0
652
0
4
202
1
1
0
2
1
0
90
3
2
1
1
0
0
27
8
1
0
1
0
2
1
9
0
47
0
1
0
1
16
8
0
5
0
0
3
0
3
145
0
680
1
0
5
4
0
1
41
1
2
1
0
1
0
0
6
13
0
1
0
110
12
6
0
2
0
2
1
0
61
122
0
6
1
0
70
1
6
0
9
3
0
1
0
0
2
1
0
29
0
854
17
3
0
403
0
30
0
0
29
2
0
1
0
7
1
0
0
23
1
0
0
2
9
3
1
0
0
49
8
0
0
1
2
356
2
0
4
1
3
0
10
0
1
0
3
0
384
3
0
0
4
5
0
59
19
0
5
0
1
0
1
0
53
0
36
0
5
2
1
0
0
35
1
0
4
0
16
4
0
3
0
176
0
8
0
2
15
4
0
1
0
61
6
29
0
0
113
0
15
1
1
0
0
13
1
0
0
2
148
0
2
2
1
7
2
1
0
53
0
6
3
1
0
0
1031
29
38
1
0
6
20
1
0
3
8
0
1
0
13
1
0
0
20
1
11
1
0
0
3
0
5
0
26
5
0
1
2
2
0
1
0
59
1
0
0
3
0
0
167
0
5
0
1
16
0
1
0
8
16
9
0
1
1
0
12
3
0
561
1
0
42
1
1
0
2
0
9
0
4
0
2
324
0
0
1
0
21
25
1
1
0
5
171
4
0
1
0
3
0
0
52
29
3
0
5
0
1
0
3
0
0
56
1
0
2
18
16
4
1
0
1
0
19
4
6
2
2
0
1
4
3
0
84
27
2
0
1
0
1305
1
0
1
0
2
38
3
2
0
1
1
0
0
6
5
0
1
184
3
187
2
16
7
0
3
2
2
0
1
19
0
5
1
0
33
3
0
0
4
5
26
1
0
11
3
0
0
463
78
0
2
1
0
0
15
0
1
2
22
2
0
4
0
0
2
32
3
0
0
7
0
1
2
1
0
694
0
1
2
0
1
0
7
584
5
14
0
10
3
3
0
1
0
22
24
154
0
9
0
0
5
3
0
2
3
2
0
1
0
1
0
472
3
0
0
3
0
5
0
0
1
0
480
1
110
0
30
0
1
0
9
8
1
0
3
13
2
1
0
454
0
2
0
1
180
13
180
2
0
5
2
1
2
0
1
0
47
0
88
4
1
0
6
28
17
12
1
0
0
11
1
0
1
0
3
3
0
2
0
80
30
393
7
1
0
1
2
8
1
3
2
0
1
1
0
406
3
1
0
0
25
54
0
0
7
1
0
35
3
1
0
0
3
0
21
0
1
4
6
1
0
2
1
122
0
7
608
0
3
0
3
0
0
95
1
0
12
76
1
0
5
0
3
0
3
0
1
9
0
0
17
2
0
1
0
20
440
0
2
0
1
0
3
73
0
1
0
0
10
3
2
0
1
0
18
0
3
0
2
1
0
20
3
0
0
118
3
1
0
25
1
3
0
3
0
0
2
1
0
9
0
386
2
1
0
1
0
41
172
0
5
0
1
0
1
0
30
1
0
5
0
0
18
0
1
0
20
0
639
3
0
0
107
0
2
1
0
14
3
18
1
1
0
0
3
3
0
101
183
1
0
1
0
32
5
1
0
5
0
1
0
17
0
5
0
1
4
1
1
0
14
0
79
0
9
0
4
0
2
1
0
4
0
5
0
884
1
10
0
2
1
0
0
5
1
0
0
434
1
0
360
0
0
170
1
4
0
1
0
189
3
11
3
0
0
1
6
0
2
1
58
1
0
0
11
0
17
2
0
4
1
3
0
2
1
14
3
1
0
0
878
0
6
1
24
14
0
1
0
2
3
0
65
0
2
1
0
13
0
0
7
0
2
3
0
5
1
0
4
76
0
0
3
0
31
0
1
0
18
2
4
0
2
1
0
0
51
1
0
161
1
0
38
1
0
3
8
1
0
23
0
4
1
9
1
0
481
0
15
7
0
5
0
20
0
0
20
0
6
1
5
0
2
1
0
0
1
0
14
3
1
133
3
12
7
355
0
1
0
30
70
1
0
1
0
17
1
0
0
12
2
1
0
3
0
101
11
1
0
3
2
28
0
13
1
1
0
0
2
1
12
0
0
16
0
1
0
2
1
0
1510
0
2
1
4
5
0
13
0
2
1
0
9
3
0
67
10
0
8
2
1
0
15
0
0
5
0
7
0
1
0
17
0
8
1
0
1297
21
0
3
0
0
1
23
0
1
0
90
1
0
0
8
1
1
0
3
0
15
7
0
0
1
0
160
0
3
0
11
0
3
0
1
0
0
196
90
7
3
0
2
1
0
20
2
0
28
15
0
4
1
0
5
0
5
2
3
0
1
0
0
20
6
11
5
0
0
5
4
3
0
1
0
2
1
0
138
24
1
0
11
5
0
1
0
12
0
13
1
2
0
1
0
1463
1
0
40
0
0
5
2
0
1
0
1
0
34
0
2
1
645
0
23
1
14
0
1
3
2
0
1
0
52
0
39
12
1
0
4
0
0
4
3
2
41
6
0
335
38
1
4
3
2
0
1
2
15
1
0
6
16
1
0
6
3
3
0
0
34
12
0
0
2
1
2
29
8
0
1
0
142
1
0
2
1
0
0
62
7
0
3
0
12
3
1
0
891
3
0
2
1
0
17
0
2
1
0
7
0
1
0
6
2
1
0
11
1
2
1
0
0
1783
0
2
0
1
0
7
2
0
28
13
0
1
4
0
6
2
1
0
2
0
1
0
1
435
0
522
22
4
1
4
1
0
1
0
59
0
2
1
0
20
0
6
1
2
0
1
0
33
383
2
1
15
5
1
0
0
24
0
78
0
0
2
1
0
3
2
1
0
7
0
1
0
17
605
5
1
0
0
37
1
2
1
0
0
17
1
62
9
0
1
0
0
13
12
5
0
1
6
1
2
1
0
2
990
0
11
1
0
0
6
0
1
0
5
0
6
0
386
14
0
2
1
0
1
0
73
0
112
0
1
0
0
14
1
0
1
0
5
69
2
0
3
1
2
31
3
0
1
0
2
1
4
1
1
0
2446
0
15
2
0
1
0
147
1
0
7
1
0
2
1
0
85
15
2
0
1
0
3
3
0
30
2
3
1
13
2
1
0
36
0
193
31
3
2
1
0
3
18
0
0
6
0
1
0
5
16
0
2
0
52
10
0
16
1
0
2
0
1
0
9
0
37
8
1
0
0
62
0
2
1
0
0
39
0
15
1
0
5
2
0
1
352
5
1
0
5
0
1
0
2
19
9
985
1458
958
2
1
26
3
0
0
1
108
3
11
5
0
3
2
1
0
77
0
1
0
0
21
48
7
4
1
0
29
3
6
2
0
1
1
0
4
0
3
5
124
0
7
0
3
2
153
6
0
1
2
1
0
0
68
0
3
0
0
5
3
0
1
0
17
1
0
1
0
14
650
0
2
1
3
6
3
1
0
2
0
641
1
117
4
0
416
0
0
11
1
0
4
2
1
0
157
1
0
3
1
0
47
1
0
55
0
12
0
2
0
4
0
0
2
1
22
0
37
0
4
2
1
0
3
0
34
37
3
2
1
20
2682
92
0
3
19
1
1
0
0
30
0
1
0
28
0
0
28
3
0
2
1
13
2304
21
0
3
0
19
1
0
0
24
1
11
0
1
0
10
2
1
704
21
0
29
0
1
0
6
0
2
64
0
2
1
0
21
0
2
49
1
1417
0
7
0
2
32
2
0
1
76
30
11
1
0
2
0
4
3
0
0
11
5
2
4
0
0
3
0
0
2924
1
0
0
5
0
1
6
391
21
0
1
5
0
0
1
6
161
3
0
0
1
6
41
0
1
0
1
0
10
0
124
0
18
0
20
10
1
1
0
0
19
1
0
2
0
1
0
7
0
9
2
1
0
0
5
1
0
132
1
0
0
7
0
5
2
1
0
9
0
17
0
2
4
1
3
2
0
1884
3
0
21
3
4
0
1
0
1
0
9
19
3
0
0
16
0
3
0
5
1
0
3
0
26
103
1
0
0
29
0
30
1
0
0
11
7
1
0
7
2
1
0
0
80
5
0
1
0
4
8
0
0
2
13
1
0
0
27
0
5
3642
2
1
0
3
0
0
32
2
1
0
47
1
0
69
19
3
1
6
1
0
1
4
79
0
3
20
0
0
1
0
26
1
0
2
1
0
0
23
1
0
351
0
5
0
0
3
31
1
0
2
0
1
4
242
1
0
0
2491
4
15
6
0
16
0
34
0
13
1
0
2
15
1
5
0
2
3
1
2
0
1
0
1216
21
2
7
1
0
0
1483
0
0
6
0
223
17
0
5
1
0
0
3
0
0
22
1
0
3
2
1
0
135
0
2
3
1
0
8
0
7
2
3
0
6
1
0
3
2
144
0
0
5
0
1
12
0
1
0
1
0
4
5
0
27
0
36
2
0
1
1
0
0
74
5
1
0
12
1
11
1
0
2
0
114
0
0
1
17
8
1
3
10
1
0
2
1
0
5589
0
127
0
17
0
1
0
3
88
0
48
1
0
4
0
1
1
0
0
11
1
0
2
1
5
0
7
0
2
9
729
0
1
8
4
0
0
4
1
0
0
1748
0
2
1
0
18
0
4
0
252
13
1
0
4
0
1
1
0
15
0
2
5
1
0
4
153
0
1
0
3
0
0
244
1
600
6
0
11
1
0
2
0
15
0
1
0
56
0
2
3
2
1
0
2
1
0
13
0
3
0
85
0
2
19
3
0
0
643
8
1
1
0
48
1
0
0
2
6
0
0
3
2
11
1
0
1
512
0
413
0
1
0
10
0
178
0
3
0
0
3
0
8
1
0
9
0
9
0
15
2
0
1
0
9
2
0
1
76
5
0
0
3
0
45
0
2
17
2
0
1
0
3
3
0
0
1
4
188
5
0
