0
1
0
0
2
1
0
2
1
0
1
0
5
1
0
3
0
6
0
3
1
0
3
0
0
9
0
0
11
1
0
0
12
1
0
9
1
6
0
1
6
1
0
7
9
1
1
0
2
1
0
0
16
1
0
21
2
6
1
4
0
5
2
0
1
0
1
0
58
2
1
0
5
20
3
5
0
0
2
1
0
3
49
5
0
1
0
71
1
0
2
9
1
0
0
9
2
1
1
0
35
1
0
0
55
2
0
1
0
4
2
3
2
1
1
0
23
1
0
0
51
10
56
1
5
2
0
1
5
7
0
0
2
21
61
3
0
3
0
0
12
0
0
13
3
3
0
13
1
45
4
0
1
20
0
9
0
19
11
1
0
0
2
4
0
44
1
0
20
0
3
0
0
45
12
1
0
29
7
0
21
0
3
16
5
2
2
0
1
0
5
0
1
0
57
0
8
1
0
1
31
0
1
0
4
1
0
44
1
0
33
5
0
1
19
2
41
1
45
2
0
2
1
0
1
0
38
1
0
0
14
1
0
5
0
1
62
6
1
0
2
3
0
1
0
7
32
0
8
34
2
1
0
0
10
1
0
0
22
0
11
53
14
0
13
0
2
1
22
4
1
1
0
2
1
0
0
19
39
0
10
1
0
6
0
3
36
0
45
10
2
1
3
0
1
5
0
3
0
0
19
3
1
13
60
6
0
18
2
1
7
0
0
2
6
8
1
0
37
1
2
0
32
0
2
1
0
32
31
0
4
0
1
0
1
30
0
0
5
0
49
3
0
7
0
0
2
3
75
0
8
4
2
12
5
0
4
1
0
0
1
0
73
1
0
14
0
1
12
1
4
12
1
3
32
1
0
0
7
2
30
0
0
30
1
1
0
26
1
0
8
2
1
0
37
0
0
42
0
14
0
5
2
1
0
2
1
0
30
0
1
0
45
0
0
14
0
2
9
0
1
10
27
2
1
0
0
23
3
36
0
0
33
4
4
1
0
1
45
17
0
2
0
5
0
1
1
0
25
6
1
0
0
25
36
3
1
24
1
0
3
0
3
3
0
0
21
3
0
73
0
7
0
36
0
9
2
0
1
0
11
0
28
3
12
0
0
11
5
0
1
0
3
0
42
0
1
0
48
0
1
0
2
1
74
2
1
1
0
10
7
6
0
1
0
3
5
1
0
0
3
0
0
66
1
0
0
40
6
1
0
0
2
2
1
1
0
100
0
0
9
13
0
0
1
0
5
0
46
0
1
11
0
26
0
15
0
2
9
0
3
0
0
1
0
5
0
22
2
84
2
1
0
1
14
1
24
1
0
0
36
0
2
22
1
0
16
8
1
0
19
5
1
0
2
1
0
56
25
3
1
6
3
0
0
1
2
0
1
29
0
34
0
39
1
0
0
2
3
3
0
0
1
50
1
0
36
1
0
3
0
0
5
22
1
0
1
0
53
0
1
11
0
4
0
29
23
1
2
1
0
0
31
0
4
38
8
1
7
0
2
5
2
3
0
0
1
0
29
4
5
0
1
0
61
2
1
0
1
0
61
3
2
8
2
4
0
0
25
3
4
3
1
2
1
0
2
1
0
0
79
5
1
0
1
0
6
2
1
62
5
0
1
38
15
1
2
0
1
0
24
13
8
1
1
0
0
3
0
22
0
0
24
0
1
0
71
0
8
1
1
0
8
3
0
44
0
19
9
0
5
9
1
0
0
5
17
0
10
49
3
1
0
6
3
1
0
3
2
0
1
0
61
3
1
0
9
0
16
0
42
22
2
0
1
0
32
2
19
1
0
2
3
1
0
11
0
0
49
5
0
3
0
10
0
3
5
0
63
0
2
1
5
0
69
2
1
11
0
1
0
18
4
1
0
18
2
1
0
14
21
0
9
0
3
1
2
0
1
41
7
0
1
0
2
1
0
57
0
3
0
43
1
0
3
1
2
0
46
2
9
0
23
5
0
11
1
0
2
1
0
0
34
2
0
38
2
1
30
0
1
0
10
25
24
0
14
0
2
9
1
0
0
18
39
3
0
0
13
7
2
0
2
1
0
1
0
55
0
3
3
0
1
0
62
3
1
0
2
18
1
0
23
19
3
0
22
0
2
0
13
5
7
2
1
0
1
0
33
2
1
0
6
52
2
1
0
13
0
26
4
0
1
3
2
2
1
0
0
8
90
2
0
11
1
23
6
2
1
4
1
0
36
0
1
0
7
0
15
1
0
9
0
4
0
47
6
32
2
0
1
0
24
2
3
1
2
19
3
0
2
38
0
1
3
0
2
3
1
0
40
51
1
0
19
1
2
0
2
1
0
1
0
32
0
6
1
0
0
5
1
0
0
69
3
48
0
2
0
55
2
0
1
0
2
26
0
1
0
8
0
5
17
1
0
